1000
1 816 716
2 754 654
3 437 337
4 552 452
5 313 213
6 298 198
7 395 295
8 1093 993
9 870 770
10 267 167
11 846 746
12 595 495
13 401 301
14 655 555
15 860 760
16 455 355
17 330 230
18 383 283
19 201 101
20 475 375
21 817 717
22 533 433
23 103 3
24 911 811
25 642 542
26 992 892
27 370 270
28 504 404
29 703 603
30 847 747
31 154 54
32 842 742
33 1004 904
34 415 315
35 148 48
36 651 551
37 320 220
38 296 196
39 138 38
40 713 613
41 258 158
42 487 387
43 871 771
44 507 407
45 723 623
46 341 241
47 730 630
48 980 880
49 721 621
50 743 643
51 587 487
52 426 326
53 129 29
54 210 110
55 632 532
56 899 799
57 184 84
58 429 329
59 856 756
60 739 639
61 935 835
62 882 782
63 926 826
64 800 700
65 987 887
66 174 74
67 271 171
68 764 664
69 1098 998
70 184 84
71 907 807
72 227 127
73 568 468
74 768 668
75 172 72
76 1058 958
77 750 650
78 832 732
79 975 875
80 651 551
81 946 846
82 892 792
83 894 794
84 228 128
85 260 160
86 401 301
87 348 248
88 986 886
89 412 312
90 458 358
91 895 795
92 618 518
93 670 570
94 1082 982
95 749 649
96 297 197
97 252 152
98 386 286
99 654 554
100 799 699
101 812 712
102 953 853
103 351 251
104 703 603
105 632 532
106 935 835
107 595 495
108 771 671
109 146 46
110 333 233
111 904 804
112 1025 925
113 173 73
114 498 398
115 534 434
116 976 876
117 901 801
118 840 740
119 249 149
120 814 714
121 1088 988
122 565 465
123 868 768
124 646 546
125 355 255
126 622 522
127 566 466
128 121 21
129 713 613
130 936 836
131 965 865
132 517 417
133 229 129
134 1077 977
135 373 273
136 436 336
137 783 683
138 812 712
139 898 798
140 655 555
141 951 851
142 198 98
143 421 321
144 535 435
145 669 569
146 928 828
147 941 841
148 574 474
149 852 752
150 673 573
151 177 77
152 960 860
153 889 789
154 941 841
155 455 355
156 1063 963
157 576 476
158 555 455
159 659 559
160 196 96
161 387 287
162 146 46
163 936 836
164 404 304
165 259 159
166 435 335
167 214 114
168 219 119
169 628 528
170 732 632
171 945 845
172 252 152
173 169 69
174 752 652
175 498 398
176 351 251
177 390 290
178 178 78
179 815 715
180 1032 932
181 553 453
182 119 19
183 919 819
184 541 441
185 168 68
186 581 481
187 557 457
188 746 646
189 510 410
190 759 659
191 253 153
192 866 766
193 655 555
194 817 717
195 117 17
196 973 873
197 1017 917
198 811 711
199 346 246
200 928 828
201 650 550
202 236 136
203 816 716
204 723 623
205 152 52
206 207 107
207 396 296
208 507 407
209 424 324
210 730 630
211 519 419
212 169 69
213 343 243
214 140 40
215 266 166
216 297 197
217 672 572
218 761 661
219 896 796
220 1039 939
221 337 237
222 895 795
223 912 812
224 186 86
225 1051 951
226 990 890
227 335 235
228 1049 949
229 163 63
230 893 793
231 349 249
232 451 351
233 1035 935
234 1090 990
235 114 14
236 810 710
237 1072 972
238 566 466
239 428 328
240 1060 960
241 587 487
242 686 586
243 968 868
244 769 669
245 413 313
246 559 459
247 1017 917
248 759 659
249 702 602
250 206 106
251 595 495
252 112 12
253 607 507
254 161 61
255 796 696
256 313 213
257 595 495
258 1066 966
259 553 453
260 1055 955
261 704 604
262 244 144
263 499 399
264 692 592
265 846 746
266 388 288
267 321 221
268 941 841
269 913 813
270 484 384
271 383 283
272 856 756
273 963 863
274 581 481
275 802 702
276 680 580
277 898 798
278 918 818
279 755 655
280 748 648
281 595 495
282 674 574
283 543 443
284 635 535
285 472 372
286 788 688
287 462 362
288 983 883
289 285 185
290 833 733
291 680 580
292 1044 944
293 1081 981
294 280 180
295 1042 942
296 605 505
297 241 141
298 602 502
299 991 891
300 265 165
301 758 658
302 872 772
303 142 42
304 236 136
305 463 363
306 1054 954
307 367 267
308 765 665
309 321 221
310 187 87
311 680 580
312 554 454
313 639 539
314 1079 979
315 818 718
316 416 316
317 161 61
318 196 96
319 888 788
320 147 47
321 575 475
322 710 610
323 796 696
324 299 199
325 116 16
326 802 702
327 249 149
328 593 493
329 112 12
330 908 808
331 389 289
332 834 734
333 612 512
334 523 423
335 134 34
336 246 146
337 1073 973
338 1047 947
339 759 659
340 1008 908
341 549 449
342 293 193
343 920 820
344 715 615
345 691 591
346 348 248
347 1065 965
348 142 42
349 425 325
350 406 306
351 306 206
352 745 645
353 367 267
354 947 847
355 1076 976
356 387 287
357 373 273
358 304 204
359 410 310
360 162 62
361 775 675
362 716 616
363 362 262
364 539 439
365 1051 951
366 363 263
367 476 376
368 1087 987
369 1034 934
370 808 708
371 145 45
372 1037 937
373 734 634
374 193 93
375 512 412
376 370 270
377 321 221
378 959 859
379 497 397
380 312 212
381 932 832
382 185 85
383 290 190
384 1041 941
385 517 417
386 366 266
387 373 273
388 227 127
389 992 892
390 1040 940
391 882 782
392 795 695
393 1050 950
394 505 405
395 160 60
396 1095 995
397 921 821
398 832 732
399 1020 920
400 482 382
401 854 754
402 645 545
403 447 347
404 590 490
405 811 711
406 489 389
407 843 743
408 1029 929
409 1045 945
410 168 68
411 699 599
412 739 639
413 637 537
414 118 18
415 1025 925
416 607 507
417 673 573
418 563 463
419 238 138
420 460 360
421 1030 930
422 854 754
423 813 713
424 820 720
425 531 431
426 663 563
427 326 226
428 318 218
429 795 695
430 358 258
431 889 789
432 1049 949
433 482 382
434 219 119
435 912 812
436 211 111
437 365 265
438 1076 976
439 930 830
440 557 457
441 740 640
442 532 432
443 644 544
444 975 875
445 212 112
446 189 89
447 463 363
448 1098 998
449 254 154
450 1065 965
451 359 259
452 688 588
453 416 316
454 731 631
455 622 522
456 644 544
457 670 570
458 195 95
459 864 764
460 943 843
461 760 660
462 381 281
463 211 111
464 614 514
465 655 555
466 248 148
467 621 521
468 659 559
469 813 713
470 531 431
471 474 374
472 106 6
473 415 315
474 658 558
475 715 615
476 563 463
477 513 413
478 457 357
479 164 64
480 973 873
481 548 448
482 1051 951
483 1045 945
484 241 141
485 109 9
486 867 767
487 562 462
488 237 137
489 668 568
490 431 331
491 269 169
492 753 653
493 844 744
494 722 622
495 881 781
496 528 428
497 454 354
498 928 828
499 890 790
500 539 439
501 753 653
502 327 227
503 133 33
504 715 615
505 392 292
506 164 64
507 304 204
508 715 615
509 448 348
510 895 795
511 704 604
512 793 693
513 459 359
514 634 534
515 364 264
516 1029 929
517 152 52
518 322 222
519 210 110
520 475 375
521 553 453
522 323 223
523 903 803
524 593 493
525 1048 948
526 768 668
527 101 1
528 220 120
529 517 417
530 360 260
531 345 245
532 479 379
533 134 34
534 895 795
535 857 757
536 187 87
537 1081 981
538 130 30
539 315 215
540 1031 931
541 1045 945
542 541 441
543 509 409
544 613 513
545 694 594
546 371 271
547 593 493
548 706 606
549 511 411
550 550 450
551 914 814
552 878 778
553 434 334
554 800 700
555 627 527
556 1062 962
557 573 473
558 283 183
559 382 282
560 599 499
561 1062 962
562 606 506
563 1080 980
564 880 780
565 794 694
566 669 569
567 384 284
568 201 101
569 308 208
570 728 628
571 153 53
572 390 290
573 200 100
574 776 676
575 583 483
576 746 646
577 921 821
578 1048 948
579 921 821
580 541 441
581 288 188
582 1068 968
583 122 22
584 877 777
585 654 554
586 402 302
587 764 664
588 263 163
589 416 316
590 818 718
591 1085 985
592 499 399
593 582 482
594 466 366
595 702 602
596 199 99
597 374 274
598 263 163
599 1008 908
600 146 46
601 582 482
602 468 368
603 334 234
604 496 396
605 937 837
606 292 192
607 288 188
608 945 845
609 1003 903
610 1038 938
611 585 485
612 445 345
613 1076 976
614 1030 930
615 577 477
616 656 556
617 408 308
618 624 524
619 597 497
620 1041 941
621 211 111
622 912 812
623 756 656
624 846 746
625 398 298
626 241 141
627 358 258
628 890 790
629 730 630
630 338 238
631 406 306
632 251 151
633 766 666
634 841 741
635 1009 909
636 765 665
637 1057 957
638 747 647
639 192 92
640 817 717
641 244 144
642 1084 984
643 345 245
644 807 707
645 985 885
646 643 543
647 424 324
648 643 543
649 288 188
650 943 843
651 620 520
652 275 175
653 250 150
654 384 284
655 799 699
656 919 819
657 1010 910
658 918 818
659 351 251
660 300 200
661 609 509
662 948 848
663 277 177
664 567 467
665 119 19
666 315 215
667 131 31
668 988 888
669 413 313
670 421 321
671 1046 946
672 983 883
673 1034 934
674 454 354
675 200 100
676 702 602
677 821 721
678 639 539
679 878 778
680 944 844
681 720 620
682 567 467
683 378 278
684 706 606
685 1078 978
686 846 746
687 1087 987
688 666 566
689 848 748
690 775 675
691 499 399
692 790 690
693 703 603
694 649 549
695 754 654
696 640 540
697 112 12
698 328 228
699 305 205
700 818 718
701 379 279
702 1090 990
703 212 112
704 245 145
705 1097 997
706 531 431
707 647 547
708 977 877
709 711 611
710 174 74
711 799 699
712 628 528
713 557 457
714 1040 940
715 871 771
716 144 44
717 545 445
718 325 225
719 841 741
720 126 26
721 734 634
722 1051 951
723 448 348
724 906 806
725 889 789
726 313 213
727 515 415
728 1058 958
729 865 765
730 182 82
731 1007 907
732 939 839
733 392 292
734 139 39
735 370 270
736 557 457
737 126 26
738 647 547
739 376 276
740 130 30
741 1023 923
742 587 487
743 240 140
744 311 211
745 737 637
746 1018 918
747 131 31
748 448 348
749 411 311
750 348 248
751 669 569
752 466 366
753 443 343
754 258 158
755 556 456
756 1036 936
757 366 266
758 997 897
759 680 580
760 417 317
761 379 279
762 125 25
763 928 828
764 1007 907
765 790 690
766 407 307
767 136 36
768 981 881
769 141 41
770 220 120
771 602 502
772 661 561
773 123 23
774 837 737
775 1085 985
776 822 722
777 880 780
778 556 456
779 400 300
780 263 163
781 749 649
782 476 376
783 935 835
784 206 106
785 862 762
786 130 30
787 164 64
788 502 402
789 582 482
790 756 656
791 633 533
792 630 530
793 341 241
794 616 516
795 311 211
796 678 578
797 334 234
798 988 888
799 1046 946
800 530 430
801 545 445
802 520 420
803 583 483
804 138 38
805 876 776
806 657 557
807 998 898
808 787 687
809 966 866
810 1066 966
811 187 87
812 887 787
813 536 436
814 399 299
815 531 431
816 430 330
817 679 579
818 499 399
819 503 403
820 1018 918
821 365 265
822 154 54
823 233 133
824 915 815
825 270 170
826 696 596
827 673 573
828 537 437
829 493 393
830 732 632
831 826 726
832 298 198
833 700 600
834 769 669
835 441 341
836 193 93
837 265 165
838 733 633
839 537 437
840 720 620
841 309 209
842 274 174
843 807 707
844 841 741
845 122 22
846 786 686
847 762 662
848 719 619
849 624 524
850 355 255
851 138 38
852 331 231
853 935 835
854 726 626
855 605 505
856 916 816
857 650 550
858 191 91
859 719 619
860 360 260
861 272 172
862 257 157
863 598 498
864 819 719
865 564 464
866 902 802
867 708 608
868 632 532
869 629 529
870 141 41
871 651 551
872 122 22
873 419 319
874 386 286
875 109 9
876 921 821
877 758 658
878 968 868
879 806 706
880 256 156
881 932 832
882 216 116
883 116 16
884 1007 907
885 1082 982
886 230 130
887 234 134
888 521 421
889 689 589
890 937 837
891 949 849
892 117 17
893 510 410
894 547 447
895 800 700
896 104 4
897 986 886
898 1025 925
899 1008 908
900 859 759
901 677 577
902 502 402
903 728 628
904 871 771
905 210 110
906 1029 929
907 190 90
908 277 177
909 583 483
910 336 236
911 124 24
912 595 495
913 1092 992
914 428 328
915 370 270
916 138 38
917 997 897
918 712 612
919 849 749
920 335 235
921 662 562
922 330 230
923 181 81
924 179 79
925 514 414
926 948 848
927 1024 924
928 615 515
929 879 779
930 237 137
931 356 256
932 124 24
933 1043 943
934 681 581
935 702 602
936 859 759
937 163 63
938 749 649
939 877 777
940 437 337
941 323 223
942 938 838
943 897 797
944 251 151
945 284 184
946 332 232
947 767 667
948 904 804
949 625 525
950 796 696
951 599 499
952 687 587
953 316 216
954 648 548
955 103 3
956 912 812
957 387 287
958 877 777
959 620 520
960 706 606
961 830 730
962 861 761
963 631 531
964 1088 988
965 611 511
966 1038 938
967 808 708
968 457 357
969 359 259
970 365 265
971 444 344
972 185 85
973 277 177
974 485 385
975 739 639
976 268 168
977 931 831
978 578 478
979 124 24
980 1017 917
981 351 251
982 457 357
983 124 24
984 619 519
985 344 244
986 605 505
987 801 701
988 219 119
989 729 629
990 1032 932
991 366 266
992 446 346
993 518 418
994 849 749
995 595 495
996 539 439
997 171 71
998 523 423
999 572 472
1000 1044 944
249767
