500
0 47 42
1 40 35
2 54 49
3 10 5
4 51 46
5 14 9
6 28 23
7 6 1
8 16 11
9 22 17
10 39 34
11 6 1
12 42 37
13 9 4
14 29 24
15 21 16
16 35 30
17 17 12
18 46 41
19 8 3
20 49 44
21 37 32
22 6 1
23 29 24
24 7 2
25 33 28
26 55 50
27 33 28
28 32 27
29 12 7
30 11 6
31 51 46
32 53 48
33 23 18
34 22 17
35 39 34
36 12 7
37 43 38
38 40 35
39 20 15
40 30 25
41 15 10
42 54 49
43 27 22
44 22 17
45 10 5
46 33 28
47 46 41
48 14 9
49 34 29
50 7 2
51 29 24
52 55 50
53 20 15
54 55 50
55 16 11
56 11 6
57 43 38
58 40 35
59 47 42
60 43 38
61 55 50
62 15 10
63 35 30
64 51 46
65 34 29
66 40 35
67 42 37
68 46 41
69 24 19
70 40 35
71 43 38
72 11 6
73 50 45
74 11 6
75 46 41
76 19 14
77 28 23
78 43 38
79 47 42
80 23 18
81 33 28
82 40 35
83 41 36
84 19 14
85 8 3
86 7 2
87 15 10
88 38 33
89 40 35
90 44 39
91 25 20
92 48 43
93 50 45
94 21 16
95 11 6
96 22 17
97 45 40
98 15 10
99 26 21
100 32 27
101 25 20
102 23 18
103 31 26
104 46 41
105 38 33
106 17 12
107 20 15
108 44 39
109 50 45
110 46 41
111 47 42
112 46 41
113 36 31
114 6 1
115 9 4
116 26 21
117 44 39
118 39 34
119 28 23
120 39 34
121 14 9
122 23 18
123 37 32
124 21 16
125 8 3
126 14 9
127 33 28
128 15 10
129 26 21
130 23 18
131 53 48
132 43 38
133 30 25
134 27 22
135 30 25
136 47 42
137 25 20
138 14 9
139 15 10
140 36 31
141 51 46
142 32 27
143 42 37
144 35 30
145 46 41
146 11 6
147 6 1
148 24 19
149 16 11
150 12 7
151 19 14
152 32 27
153 8 3
154 9 4
155 39 34
156 52 47
157 40 35
158 19 14
159 40 35
160 14 9
161 8 3
162 37 32
163 22 17
164 42 37
165 18 13
166 36 31
167 32 27
168 32 27
169 21 16
170 38 33
171 46 41
172 43 38
173 7 2
174 34 29
175 28 23
176 47 42
177 30 25
178 22 17
179 54 49
180 41 36
181 14 9
182 28 23
183 29 24
184 32 27
185 36 31
186 32 27
187 43 38
188 52 47
189 36 31
190 25 20
191 38 33
192 22 17
193 11 6
194 53 48
195 37 32
196 13 8
197 9 4
198 36 31
199 15 10
200 32 27
201 17 12
202 32 27
203 20 15
204 38 33
205 34 29
206 52 47
207 15 10
208 35 30
209 32 27
210 6 1
211 26 21
212 20 15
213 30 25
214 12 7
215 41 36
216 17 12
217 52 47
218 16 11
219 27 22
220 17 12
221 37 32
222 20 15
223 31 26
224 20 15
225 24 19
226 19 14
227 25 20
228 23 18
229 51 46
230 47 42
231 21 16
232 10 5
233 20 15
234 12 7
235 13 8
236 45 40
237 19 14
238 21 16
239 27 22
240 43 38
241 24 19
242 10 5
243 42 37
244 11 6
245 50 45
246 24 19
247 54 49
248 36 31
249 54 49
250 46 41
251 12 7
252 32 27
253 35 30
254 37 32
255 36 31
256 40 35
257 34 29
258 51 46
259 14 9
260 54 49
261 23 18
262 24 19
263 16 11
264 41 36
265 52 47
266 50 45
267 39 34
268 42 37
269 12 7
270 10 5
271 7 2
272 45 40
273 33 28
274 37 32
275 37 32
276 22 17
277 37 32
278 50 45
279 48 43
280 8 3
281 48 43
282 49 44
283 29 24
284 54 49
285 25 20
286 41 36
287 32 27
288 11 6
289 52 47
290 21 16
291 21 16
292 55 50
293 13 8
294 26 21
295 47 42
296 13 8
297 25 20
298 55 50
299 28 23
300 29 24
301 45 40
302 18 13
303 20 15
304 35 30
305 11 6
306 50 45
307 30 25
308 43 38
309 15 10
310 44 39
311 48 43
312 41 36
313 24 19
314 8 3
315 27 22
316 17 12
317 21 16
318 14 9
319 42 37
320 53 48
321 22 17
322 15 10
323 8 3
324 19 14
325 36 31
326 10 5
327 28 23
328 55 50
329 16 11
330 50 45
331 19 14
332 15 10
333 10 5
334 23 18
335 24 19
336 52 47
337 46 41
338 22 17
339 22 17
340 26 21
341 38 33
342 55 50
343 40 35
344 28 23
345 26 21
346 26 21
347 41 36
348 24 19
349 25 20
350 39 34
351 12 7
352 34 29
353 27 22
354 47 42
355 19 14
356 40 35
357 50 45
358 32 27
359 53 48
360 51 46
361 25 20
362 11 6
363 38 33
364 51 46
365 40 35
366 27 22
367 12 7
368 54 49
369 31 26
370 8 3
371 53 48
372 54 49
373 31 26
374 32 27
375 40 35
376 22 17
377 24 19
378 31 26
379 22 17
380 7 2
381 46 41
382 8 3
383 14 9
384 22 17
385 14 9
386 54 49
387 31 26
388 21 16
389 47 42
390 51 46
391 8 3
392 42 37
393 27 22
394 36 31
395 30 25
396 47 42
397 20 15
398 29 24
399 19 14
400 27 22
401 6 1
402 45 40
403 13 8
404 27 22
405 13 8
406 55 50
407 26 21
408 54 49
409 22 17
410 54 49
411 7 2
412 24 19
413 28 23
414 39 34
415 20 15
416 34 29
417 14 9
418 30 25
419 35 30
420 15 10
421 43 38
422 33 28
423 6 1
424 22 17
425 20 15
426 42 37
427 55 50
428 31 26
429 51 46
430 42 37
431 21 16
432 45 40
433 39 34
434 54 49
435 14 9
436 16 11
437 17 12
438 11 6
439 24 19
440 9 4
441 30 25
442 39 34
443 24 19
444 54 49
445 24 19
446 51 46
447 51 46
448 10 5
449 12 7
450 7 2
451 11 6
452 46 41
453 49 44
454 55 50
455 15 10
456 39 34
457 12 7
458 38 33
459 49 44
460 45 40
461 22 17
462 34 29
463 12 7
464 52 47
465 20 15
466 21 16
467 7 2
468 8 3
469 41 36
470 9 4
471 6 1
472 16 11
473 12 7
474 15 10
475 7 2
476 8 3
477 41 36
478 12 7
479 13 8
480 25 20
481 11 6
482 45 40
483 40 35
484 42 37
485 52 47
486 40 35
487 39 34
488 32 27
489 51 46
490 22 17
491 36 31
492 46 41
493 22 17
494 40 35
495 53 48
496 18 13
497 46 41
498 28 23
499 54 49
6287
