200
1 5 3
2 15 13
3 6 4
4 5 3
5 3 1
6 17 15
7 19 17
8 13 11
9 10 8
10 9 7
11 5 3
12 20 18
13 15 13
14 4 2
15 14 12
16 8 6
17 19 17
18 10 8
19 15 13
20 22 20
21 19 17
22 11 9
23 10 8
24 14 12
25 17 15
26 18 16
27 19 17
28 4 2
29 8 6
30 13 11
31 9 7
32 8 6
33 3 1
34 3 1
35 14 12
36 17 15
37 13 11
38 5 3
39 5 3
40 17 15
41 14 12
42 9 7
43 11 9
44 6 4
45 9 7
46 3 1
47 9 7
48 4 2
49 11 9
50 11 9
51 9 7
52 4 2
53 15 13
54 13 11
55 14 12
56 4 2
57 9 7
58 19 17
59 13 11
60 13 11
61 15 13
62 18 16
63 17 15
64 21 19
65 13 11
66 12 10
67 3 1
68 16 14
69 21 19
70 12 10
71 12 10
72 4 2
73 22 20
74 22 20
75 17 15
76 19 17
77 14 12
78 18 16
79 4 2
80 6 4
81 21 19
82 7 5
83 20 18
84 11 9
85 20 18
86 19 17
87 21 19
88 12 10
89 8 6
90 18 16
91 15 13
92 12 10
93 6 4
94 19 17
95 10 8
96 7 5
97 22 20
98 8 6
99 21 19
100 17 15
101 7 5
102 20 18
103 8 6
104 18 16
105 18 16
106 19 17
107 13 11
108 13 11
109 22 20
110 21 19
111 17 15
112 10 8
113 7 5
114 3 1
115 16 14
116 9 7
117 22 20
118 12 10
119 16 14
120 18 16
121 4 2
122 11 9
123 5 3
124 11 9
125 20 18
126 22 20
127 21 19
128 16 14
129 10 8
130 19 17
131 8 6
132 9 7
133 10 8
134 3 1
135 8 6
136 4 2
137 5 3
138 8 6
139 11 9
140 10 8
141 10 8
142 17 15
143 7 5
144 20 18
145 5 3
146 12 10
147 8 6
148 15 13
149 3 1
150 20 18
151 22 20
152 5 3
153 13 11
154 13 11
155 8 6
156 10 8
157 19 17
158 22 20
159 19 17
160 20 18
161 5 3
162 7 5
163 6 4
164 7 5
165 4 2
166 10 8
167 19 17
168 14 12
169 4 2
170 13 11
171 21 19
172 20 18
173 9 7
174 14 12
175 9 7
176 22 20
177 5 3
178 14 12
179 16 14
180 5 3
181 22 20
182 5 3
183 21 19
184 4 2
185 5 3
186 6 4
187 11 9
188 7 5
189 17 15
190 3 1
191 8 6
192 13 11
193 4 2
194 4 2
195 9 7
196 4 2
197 14 12
198 12 10
199 8 6
200 21 19
1017
