10000
1 9 8
2 2 1
3 9 8
4 3 2
5 9 8
6 4 3
7 6 5
8 4 3
9 5 4
10 10 9
11 10 9
12 8 7
13 9 8
14 11 10
15 4 3
16 2 1
17 5 4
18 8 7
19 10 9
20 5 4
21 11 10
22 10 9
23 9 8
24 7 6
25 2 1
26 2 1
27 9 8
28 7 6
29 4 3
30 8 7
31 10 9
32 3 2
33 7 6
34 9 8
35 7 6
36 11 10
37 2 1
38 2 1
39 11 10
40 6 5
41 6 5
42 9 8
43 11 10
44 6 5
45 7 6
46 3 2
47 11 10
48 7 6
49 3 2
50 5 4
51 5 4
52 2 1
53 11 10
54 7 6
55 3 2
56 8 7
57 10 9
58 7 6
59 11 10
60 4 3
61 8 7
62 7 6
63 5 4
64 3 2
65 7 6
66 2 1
67 10 9
68 4 3
69 3 2
70 11 10
71 6 5
72 6 5
73 11 10
74 6 5
75 11 10
76 10 9
77 7 6
78 10 9
79 10 9
80 6 5
81 11 10
82 3 2
83 6 5
84 4 3
85 6 5
86 4 3
87 11 10
88 9 8
89 7 6
90 10 9
91 3 2
92 7 6
93 5 4
94 4 3
95 4 3
96 7 6
97 10 9
98 10 9
99 2 1
100 7 6
101 9 8
102 9 8
103 10 9
104 6 5
105 2 1
106 6 5
107 11 10
108 6 5
109 6 5
110 7 6
111 5 4
112 9 8
113 4 3
114 6 5
115 7 6
116 9 8
117 11 10
118 6 5
119 5 4
120 4 3
121 2 1
122 11 10
123 7 6
124 10 9
125 7 6
126 10 9
127 8 7
128 10 9
129 2 1
130 9 8
131 4 3
132 7 6
133 2 1
134 6 5
135 10 9
136 5 4
137 4 3
138 9 8
139 6 5
140 11 10
141 7 6
142 10 9
143 3 2
144 2 1
145 7 6
146 9 8
147 9 8
148 11 10
149 6 5
150 6 5
151 6 5
152 6 5
153 4 3
154 8 7
155 7 6
156 2 1
157 5 4
158 10 9
159 11 10
160 4 3
161 2 1
162 11 10
163 7 6
164 8 7
165 11 10
166 2 1
167 5 4
168 8 7
169 11 10
170 9 8
171 11 10
172 3 2
173 7 6
174 11 10
175 10 9
176 7 6
177 6 5
178 4 3
179 5 4
180 10 9
181 3 2
182 6 5
183 10 9
184 3 2
185 3 2
186 3 2
187 6 5
188 7 6
189 11 10
190 4 3
191 8 7
192 9 8
193 5 4
194 5 4
195 9 8
196 6 5
197 2 1
198 5 4
199 4 3
200 11 10
201 3 2
202 11 10
203 2 1
204 5 4
205 10 9
206 9 8
207 3 2
208 4 3
209 9 8
210 10 9
211 10 9
212 7 6
213 10 9
214 6 5
215 4 3
216 3 2
217 6 5
218 10 9
219 2 1
220 6 5
221 10 9
222 3 2
223 3 2
224 10 9
225 3 2
226 7 6
227 4 3
228 9 8
229 5 4
230 3 2
231 9 8
232 5 4
233 11 10
234 5 4
235 10 9
236 9 8
237 6 5
238 8 7
239 6 5
240 7 6
241 4 3
242 4 3
243 10 9
244 5 4
245 3 2
246 6 5
247 5 4
248 5 4
249 9 8
250 9 8
251 4 3
252 3 2
253 7 6
254 9 8
255 2 1
256 4 3
257 5 4
258 10 9
259 10 9
260 6 5
261 10 9
262 10 9
263 4 3
264 2 1
265 8 7
266 5 4
267 8 7
268 2 1
269 6 5
270 7 6
271 3 2
272 2 1
273 2 1
274 10 9
275 2 1
276 2 1
277 5 4
278 3 2
279 9 8
280 9 8
281 10 9
282 9 8
283 2 1
284 5 4
285 11 10
286 2 1
287 9 8
288 6 5
289 10 9
290 4 3
291 5 4
292 3 2
293 2 1
294 8 7
295 8 7
296 4 3
297 9 8
298 5 4
299 8 7
300 5 4
301 2 1
302 6 5
303 7 6
304 9 8
305 6 5
306 3 2
307 6 5
308 10 9
309 4 3
310 5 4
311 8 7
312 6 5
313 4 3
314 6 5
315 3 2
316 6 5
317 7 6
318 9 8
319 10 9
320 4 3
321 2 1
322 10 9
323 2 1
324 11 10
325 11 10
326 10 9
327 6 5
328 2 1
329 5 4
330 2 1
331 11 10
332 4 3
333 2 1
334 6 5
335 8 7
336 7 6
337 9 8
338 9 8
339 5 4
340 5 4
341 9 8
342 4 3
343 11 10
344 10 9
345 11 10
346 8 7
347 3 2
348 9 8
349 6 5
350 2 1
351 5 4
352 6 5
353 7 6
354 5 4
355 7 6
356 10 9
357 10 9
358 9 8
359 8 7
360 6 5
361 6 5
362 5 4
363 4 3
364 4 3
365 2 1
366 10 9
367 8 7
368 4 3
369 5 4
370 3 2
371 11 10
372 9 8
373 2 1
374 2 1
375 3 2
376 8 7
377 4 3
378 8 7
379 6 5
380 2 1
381 3 2
382 4 3
383 4 3
384 7 6
385 2 1
386 9 8
387 10 9
388 3 2
389 7 6
390 8 7
391 5 4
392 11 10
393 8 7
394 7 6
395 2 1
396 8 7
397 6 5
398 11 10
399 7 6
400 6 5
401 6 5
402 3 2
403 2 1
404 5 4
405 9 8
406 11 10
407 9 8
408 10 9
409 3 2
410 5 4
411 11 10
412 2 1
413 7 6
414 3 2
415 7 6
416 10 9
417 10 9
418 8 7
419 9 8
420 6 5
421 10 9
422 9 8
423 6 5
424 3 2
425 10 9
426 10 9
427 6 5
428 6 5
429 10 9
430 2 1
431 3 2
432 4 3
433 8 7
434 9 8
435 10 9
436 6 5
437 9 8
438 11 10
439 4 3
440 10 9
441 8 7
442 11 10
443 2 1
444 2 1
445 2 1
446 2 1
447 11 10
448 6 5
449 7 6
450 6 5
451 6 5
452 11 10
453 5 4
454 7 6
455 5 4
456 3 2
457 7 6
458 2 1
459 6 5
460 4 3
461 7 6
462 6 5
463 2 1
464 5 4
465 2 1
466 2 1
467 5 4
468 2 1
469 6 5
470 7 6
471 5 4
472 3 2
473 8 7
474 3 2
475 10 9
476 6 5
477 10 9
478 4 3
479 6 5
480 2 1
481 7 6
482 9 8
483 9 8
484 11 10
485 3 2
486 4 3
487 6 5
488 2 1
489 11 10
490 8 7
491 8 7
492 8 7
493 3 2
494 9 8
495 2 1
496 3 2
497 6 5
498 6 5
499 8 7
500 4 3
501 10 9
502 7 6
503 4 3
504 10 9
505 7 6
506 7 6
507 3 2
508 5 4
509 3 2
510 7 6
511 3 2
512 5 4
513 10 9
514 10 9
515 2 1
516 3 2
517 11 10
518 5 4
519 6 5
520 9 8
521 4 3
522 4 3
523 3 2
524 7 6
525 7 6
526 10 9
527 4 3
528 8 7
529 5 4
530 11 10
531 7 6
532 5 4
533 7 6
534 5 4
535 11 10
536 11 10
537 5 4
538 7 6
539 9 8
540 6 5
541 4 3
542 9 8
543 4 3
544 2 1
545 11 10
546 10 9
547 6 5
548 4 3
549 3 2
550 6 5
551 5 4
552 2 1
553 3 2
554 10 9
555 5 4
556 8 7
557 6 5
558 8 7
559 8 7
560 9 8
561 5 4
562 7 6
563 6 5
564 9 8
565 4 3
566 6 5
567 7 6
568 6 5
569 4 3
570 4 3
571 7 6
572 10 9
573 6 5
574 3 2
575 10 9
576 11 10
577 3 2
578 6 5
579 7 6
580 5 4
581 2 1
582 8 7
583 10 9
584 10 9
585 9 8
586 11 10
587 2 1
588 8 7
589 3 2
590 3 2
591 7 6
592 6 5
593 9 8
594 10 9
595 8 7
596 9 8
597 8 7
598 6 5
599 3 2
600 4 3
601 9 8
602 11 10
603 5 4
604 11 10
605 7 6
606 9 8
607 7 6
608 5 4
609 11 10
610 8 7
611 11 10
612 5 4
613 2 1
614 10 9
615 2 1
616 6 5
617 5 4
618 2 1
619 6 5
620 5 4
621 10 9
622 6 5
623 5 4
624 10 9
625 11 10
626 4 3
627 8 7
628 10 9
629 9 8
630 6 5
631 10 9
632 8 7
633 10 9
634 3 2
635 10 9
636 5 4
637 3 2
638 11 10
639 6 5
640 9 8
641 9 8
642 2 1
643 7 6
644 2 1
645 5 4
646 7 6
647 7 6
648 9 8
649 3 2
650 4 3
651 8 7
652 10 9
653 3 2
654 6 5
655 3 2
656 3 2
657 6 5
658 9 8
659 11 10
660 9 8
661 5 4
662 4 3
663 5 4
664 6 5
665 3 2
666 6 5
667 6 5
668 9 8
669 7 6
670 9 8
671 8 7
672 7 6
673 10 9
674 10 9
675 3 2
676 10 9
677 8 7
678 10 9
679 9 8
680 8 7
681 2 1
682 11 10
683 3 2
684 5 4
685 3 2
686 5 4
687 4 3
688 8 7
689 3 2
690 5 4
691 5 4
692 4 3
693 4 3
694 4 3
695 3 2
696 10 9
697 10 9
698 3 2
699 11 10
700 3 2
701 10 9
702 7 6
703 2 1
704 10 9
705 6 5
706 4 3
707 6 5
708 4 3
709 11 10
710 5 4
711 9 8
712 11 10
713 7 6
714 2 1
715 3 2
716 6 5
717 4 3
718 4 3
719 11 10
720 8 7
721 7 6
722 3 2
723 11 10
724 11 10
725 6 5
726 5 4
727 2 1
728 7 6
729 7 6
730 11 10
731 8 7
732 2 1
733 8 7
734 8 7
735 9 8
736 10 9
737 2 1
738 3 2
739 2 1
740 2 1
741 3 2
742 10 9
743 5 4
744 4 3
745 9 8
746 6 5
747 5 4
748 10 9
749 10 9
750 3 2
751 4 3
752 10 9
753 4 3
754 11 10
755 3 2
756 8 7
757 10 9
758 10 9
759 7 6
760 7 6
761 2 1
762 9 8
763 2 1
764 7 6
765 4 3
766 9 8
767 4 3
768 9 8
769 11 10
770 10 9
771 2 1
772 5 4
773 11 10
774 6 5
775 4 3
776 4 3
777 9 8
778 7 6
779 9 8
780 3 2
781 11 10
782 9 8
783 7 6
784 9 8
785 9 8
786 7 6
787 6 5
788 9 8
789 5 4
790 10 9
791 5 4
792 10 9
793 8 7
794 10 9
795 3 2
796 7 6
797 11 10
798 5 4
799 2 1
800 4 3
801 2 1
802 10 9
803 3 2
804 9 8
805 9 8
806 10 9
807 2 1
808 4 3
809 3 2
810 9 8
811 10 9
812 4 3
813 11 10
814 3 2
815 3 2
816 11 10
817 6 5
818 4 3
819 11 10
820 6 5
821 9 8
822 11 10
823 11 10
824 10 9
825 7 6
826 8 7
827 8 7
828 10 9
829 7 6
830 3 2
831 8 7
832 4 3
833 5 4
834 4 3
835 11 10
836 10 9
837 11 10
838 9 8
839 6 5
840 2 1
841 4 3
842 4 3
843 8 7
844 7 6
845 7 6
846 10 9
847 4 3
848 6 5
849 8 7
850 11 10
851 9 8
852 3 2
853 4 3
854 10 9
855 8 7
856 5 4
857 8 7
858 3 2
859 7 6
860 8 7
861 2 1
862 8 7
863 5 4
864 6 5
865 3 2
866 4 3
867 10 9
868 8 7
869 4 3
870 11 10
871 3 2
872 11 10
873 9 8
874 6 5
875 5 4
876 6 5
877 9 8
878 10 9
879 10 9
880 2 1
881 6 5
882 7 6
883 3 2
884 6 5
885 10 9
886 9 8
887 2 1
888 4 3
889 11 10
890 6 5
891 3 2
892 8 7
893 2 1
894 5 4
895 7 6
896 4 3
897 3 2
898 8 7
899 5 4
900 3 2
901 9 8
902 7 6
903 3 2
904 11 10
905 9 8
906 2 1
907 6 5
908 2 1
909 7 6
910 4 3
911 10 9
912 6 5
913 8 7
914 5 4
915 4 3
916 8 7
917 3 2
918 7 6
919 4 3
920 11 10
921 2 1
922 2 1
923 3 2
924 11 10
925 2 1
926 5 4
927 2 1
928 4 3
929 5 4
930 10 9
931 4 3
932 8 7
933 4 3
934 2 1
935 6 5
936 3 2
937 6 5
938 8 7
939 6 5
940 6 5
941 5 4
942 4 3
943 5 4
944 7 6
945 4 3
946 4 3
947 3 2
948 2 1
949 3 2
950 2 1
951 5 4
952 9 8
953 11 10
954 11 10
955 4 3
956 9 8
957 2 1
958 9 8
959 3 2
960 6 5
961 4 3
962 7 6
963 3 2
964 5 4
965 8 7
966 5 4
967 7 6
968 8 7
969 9 8
970 4 3
971 9 8
972 7 6
973 5 4
974 3 2
975 11 10
976 10 9
977 6 5
978 9 8
979 2 1
980 10 9
981 11 10
982 2 1
983 9 8
984 6 5
985 11 10
986 5 4
987 7 6
988 11 10
989 11 10
990 8 7
991 2 1
992 8 7
993 7 6
994 2 1
995 2 1
996 4 3
997 9 8
998 3 2
999 4 3
1000 7 6
1001 11 10
1002 9 8
1003 7 6
1004 10 9
1005 7 6
1006 2 1
1007 4 3
1008 9 8
1009 11 10
1010 8 7
1011 7 6
1012 6 5
1013 2 1
1014 10 9
1015 9 8
1016 9 8
1017 11 10
1018 5 4
1019 6 5
1020 11 10
1021 8 7
1022 4 3
1023 2 1
1024 8 7
1025 8 7
1026 5 4
1027 11 10
1028 7 6
1029 4 3
1030 10 9
1031 2 1
1032 7 6
1033 8 7
1034 2 1
1035 10 9
1036 7 6
1037 10 9
1038 3 2
1039 5 4
1040 11 10
1041 9 8
1042 9 8
1043 10 9
1044 9 8
1045 9 8
1046 3 2
1047 7 6
1048 4 3
1049 2 1
1050 8 7
1051 10 9
1052 10 9
1053 3 2
1054 7 6
1055 4 3
1056 11 10
1057 5 4
1058 8 7
1059 8 7
1060 6 5
1061 4 3
1062 5 4
1063 3 2
1064 3 2
1065 11 10
1066 7 6
1067 2 1
1068 7 6
1069 3 2
1070 10 9
1071 5 4
1072 3 2
1073 10 9
1074 10 9
1075 10 9
1076 5 4
1077 2 1
1078 8 7
1079 4 3
1080 3 2
1081 7 6
1082 4 3
1083 6 5
1084 4 3
1085 8 7
1086 3 2
1087 3 2
1088 3 2
1089 10 9
1090 4 3
1091 5 4
1092 7 6
1093 5 4
1094 3 2
1095 11 10
1096 5 4
1097 9 8
1098 7 6
1099 4 3
1100 6 5
1101 6 5
1102 8 7
1103 7 6
1104 11 10
1105 10 9
1106 6 5
1107 11 10
1108 8 7
1109 4 3
1110 4 3
1111 9 8
1112 4 3
1113 5 4
1114 11 10
1115 4 3
1116 5 4
1117 11 10
1118 7 6
1119 9 8
1120 10 9
1121 3 2
1122 7 6
1123 7 6
1124 7 6
1125 2 1
1126 10 9
1127 6 5
1128 7 6
1129 9 8
1130 11 10
1131 8 7
1132 6 5
1133 2 1
1134 7 6
1135 8 7
1136 10 9
1137 4 3
1138 11 10
1139 4 3
1140 2 1
1141 8 7
1142 7 6
1143 2 1
1144 5 4
1145 8 7
1146 6 5
1147 3 2
1148 3 2
1149 4 3
1150 10 9
1151 3 2
1152 8 7
1153 5 4
1154 4 3
1155 11 10
1156 9 8
1157 10 9
1158 6 5
1159 4 3
1160 8 7
1161 10 9
1162 3 2
1163 7 6
1164 4 3
1165 11 10
1166 4 3
1167 9 8
1168 2 1
1169 5 4
1170 10 9
1171 11 10
1172 4 3
1173 8 7
1174 8 7
1175 7 6
1176 8 7
1177 2 1
1178 11 10
1179 6 5
1180 10 9
1181 3 2
1182 5 4
1183 5 4
1184 9 8
1185 2 1
1186 5 4
1187 2 1
1188 4 3
1189 5 4
1190 9 8
1191 7 6
1192 2 1
1193 4 3
1194 10 9
1195 6 5
1196 8 7
1197 5 4
1198 3 2
1199 4 3
1200 2 1
1201 8 7
1202 5 4
1203 2 1
1204 2 1
1205 7 6
1206 11 10
1207 9 8
1208 2 1
1209 2 1
1210 6 5
1211 11 10
1212 10 9
1213 9 8
1214 2 1
1215 7 6
1216 3 2
1217 3 2
1218 7 6
1219 7 6
1220 2 1
1221 2 1
1222 7 6
1223 3 2
1224 3 2
1225 7 6
1226 10 9
1227 9 8
1228 9 8
1229 2 1
1230 4 3
1231 6 5
1232 11 10
1233 4 3
1234 10 9
1235 9 8
1236 5 4
1237 9 8
1238 4 3
1239 5 4
1240 2 1
1241 7 6
1242 2 1
1243 7 6
1244 5 4
1245 3 2
1246 3 2
1247 9 8
1248 11 10
1249 11 10
1250 10 9
1251 7 6
1252 11 10
1253 3 2
1254 4 3
1255 3 2
1256 8 7
1257 3 2
1258 3 2
1259 4 3
1260 5 4
1261 6 5
1262 10 9
1263 7 6
1264 7 6
1265 5 4
1266 9 8
1267 4 3
1268 4 3
1269 5 4
1270 3 2
1271 10 9
1272 7 6
1273 10 9
1274 10 9
1275 8 7
1276 3 2
1277 11 10
1278 6 5
1279 5 4
1280 8 7
1281 10 9
1282 5 4
1283 2 1
1284 8 7
1285 4 3
1286 11 10
1287 2 1
1288 3 2
1289 8 7
1290 2 1
1291 11 10
1292 3 2
1293 4 3
1294 6 5
1295 11 10
1296 3 2
1297 10 9
1298 9 8
1299 7 6
1300 7 6
1301 10 9
1302 11 10
1303 5 4
1304 3 2
1305 9 8
1306 7 6
1307 2 1
1308 2 1
1309 8 7
1310 11 10
1311 7 6
1312 3 2
1313 4 3
1314 8 7
1315 5 4
1316 3 2
1317 9 8
1318 5 4
1319 5 4
1320 8 7
1321 10 9
1322 11 10
1323 7 6
1324 5 4
1325 2 1
1326 3 2
1327 10 9
1328 10 9
1329 6 5
1330 11 10
1331 3 2
1332 3 2
1333 6 5
1334 7 6
1335 8 7
1336 11 10
1337 11 10
1338 7 6
1339 2 1
1340 8 7
1341 4 3
1342 5 4
1343 3 2
1344 10 9
1345 4 3
1346 11 10
1347 4 3
1348 2 1
1349 11 10
1350 8 7
1351 11 10
1352 10 9
1353 3 2
1354 7 6
1355 8 7
1356 8 7
1357 8 7
1358 3 2
1359 3 2
1360 8 7
1361 6 5
1362 8 7
1363 10 9
1364 10 9
1365 2 1
1366 5 4
1367 6 5
1368 11 10
1369 10 9
1370 11 10
1371 2 1
1372 8 7
1373 9 8
1374 5 4
1375 7 6
1376 7 6
1377 5 4
1378 5 4
1379 3 2
1380 3 2
1381 9 8
1382 11 10
1383 5 4
1384 5 4
1385 3 2
1386 6 5
1387 10 9
1388 3 2
1389 11 10
1390 7 6
1391 8 7
1392 10 9
1393 6 5
1394 8 7
1395 2 1
1396 5 4
1397 9 8
1398 5 4
1399 7 6
1400 5 4
1401 11 10
1402 11 10
1403 4 3
1404 2 1
1405 3 2
1406 3 2
1407 2 1
1408 10 9
1409 10 9
1410 9 8
1411 6 5
1412 2 1
1413 6 5
1414 3 2
1415 5 4
1416 3 2
1417 4 3
1418 8 7
1419 7 6
1420 3 2
1421 4 3
1422 10 9
1423 11 10
1424 7 6
1425 9 8
1426 11 10
1427 11 10
1428 2 1
1429 11 10
1430 10 9
1431 2 1
1432 4 3
1433 6 5
1434 10 9
1435 8 7
1436 9 8
1437 3 2
1438 4 3
1439 11 10
1440 7 6
1441 6 5
1442 8 7
1443 9 8
1444 7 6
1445 9 8
1446 8 7
1447 5 4
1448 2 1
1449 11 10
1450 5 4
1451 5 4
1452 10 9
1453 11 10
1454 8 7
1455 10 9
1456 9 8
1457 8 7
1458 6 5
1459 7 6
1460 6 5
1461 3 2
1462 3 2
1463 5 4
1464 9 8
1465 6 5
1466 6 5
1467 9 8
1468 4 3
1469 9 8
1470 7 6
1471 8 7
1472 8 7
1473 9 8
1474 7 6
1475 8 7
1476 8 7
1477 9 8
1478 6 5
1479 6 5
1480 6 5
1481 8 7
1482 2 1
1483 11 10
1484 3 2
1485 9 8
1486 11 10
1487 2 1
1488 5 4
1489 7 6
1490 6 5
1491 7 6
1492 11 10
1493 5 4
1494 7 6
1495 7 6
1496 4 3
1497 10 9
1498 2 1
1499 3 2
1500 7 6
1501 10 9
1502 3 2
1503 2 1
1504 6 5
1505 6 5
1506 5 4
1507 2 1
1508 3 2
1509 9 8
1510 2 1
1511 11 10
1512 10 9
1513 9 8
1514 5 4
1515 3 2
1516 4 3
1517 11 10
1518 6 5
1519 9 8
1520 10 9
1521 5 4
1522 3 2
1523 11 10
1524 10 9
1525 4 3
1526 3 2
1527 5 4
1528 8 7
1529 2 1
1530 11 10
1531 10 9
1532 8 7
1533 6 5
1534 3 2
1535 10 9
1536 4 3
1537 2 1
1538 3 2
1539 9 8
1540 6 5
1541 5 4
1542 11 10
1543 8 7
1544 9 8
1545 11 10
1546 4 3
1547 7 6
1548 9 8
1549 11 10
1550 10 9
1551 8 7
1552 10 9
1553 2 1
1554 4 3
1555 6 5
1556 2 1
1557 3 2
1558 8 7
1559 8 7
1560 4 3
1561 3 2
1562 5 4
1563 2 1
1564 4 3
1565 5 4
1566 11 10
1567 10 9
1568 11 10
1569 3 2
1570 9 8
1571 6 5
1572 3 2
1573 11 10
1574 2 1
1575 7 6
1576 10 9
1577 5 4
1578 10 9
1579 6 5
1580 2 1
1581 8 7
1582 6 5
1583 7 6
1584 3 2
1585 10 9
1586 11 10
1587 4 3
1588 5 4
1589 8 7
1590 9 8
1591 9 8
1592 5 4
1593 3 2
1594 5 4
1595 5 4
1596 9 8
1597 5 4
1598 8 7
1599 6 5
1600 9 8
1601 5 4
1602 7 6
1603 2 1
1604 9 8
1605 8 7
1606 6 5
1607 3 2
1608 8 7
1609 8 7
1610 7 6
1611 7 6
1612 8 7
1613 3 2
1614 7 6
1615 8 7
1616 6 5
1617 6 5
1618 8 7
1619 6 5
1620 9 8
1621 6 5
1622 11 10
1623 6 5
1624 3 2
1625 5 4
1626 7 6
1627 8 7
1628 9 8
1629 10 9
1630 6 5
1631 6 5
1632 6 5
1633 2 1
1634 8 7
1635 10 9
1636 3 2
1637 8 7
1638 3 2
1639 8 7
1640 2 1
1641 10 9
1642 3 2
1643 11 10
1644 2 1
1645 6 5
1646 3 2
1647 11 10
1648 9 8
1649 8 7
1650 3 2
1651 4 3
1652 6 5
1653 3 2
1654 7 6
1655 10 9
1656 10 9
1657 8 7
1658 6 5
1659 10 9
1660 5 4
1661 9 8
1662 4 3
1663 5 4
1664 11 10
1665 4 3
1666 4 3
1667 3 2
1668 5 4
1669 11 10
1670 6 5
1671 5 4
1672 2 1
1673 10 9
1674 3 2
1675 9 8
1676 7 6
1677 6 5
1678 7 6
1679 5 4
1680 4 3
1681 7 6
1682 9 8
1683 3 2
1684 4 3
1685 10 9
1686 4 3
1687 9 8
1688 5 4
1689 8 7
1690 9 8
1691 2 1
1692 9 8
1693 10 9
1694 2 1
1695 2 1
1696 7 6
1697 2 1
1698 7 6
1699 7 6
1700 6 5
1701 5 4
1702 9 8
1703 11 10
1704 3 2
1705 9 8
1706 8 7
1707 4 3
1708 3 2
1709 8 7
1710 4 3
1711 5 4
1712 7 6
1713 3 2
1714 9 8
1715 8 7
1716 9 8
1717 8 7
1718 3 2
1719 7 6
1720 5 4
1721 5 4
1722 3 2
1723 11 10
1724 3 2
1725 4 3
1726 6 5
1727 10 9
1728 8 7
1729 2 1
1730 2 1
1731 11 10
1732 9 8
1733 10 9
1734 4 3
1735 9 8
1736 2 1
1737 6 5
1738 2 1
1739 7 6
1740 7 6
1741 8 7
1742 8 7
1743 6 5
1744 8 7
1745 6 5
1746 5 4
1747 2 1
1748 8 7
1749 4 3
1750 8 7
1751 9 8
1752 9 8
1753 5 4
1754 7 6
1755 6 5
1756 9 8
1757 7 6
1758 3 2
1759 6 5
1760 7 6
1761 3 2
1762 4 3
1763 11 10
1764 3 2
1765 11 10
1766 11 10
1767 7 6
1768 3 2
1769 6 5
1770 5 4
1771 2 1
1772 4 3
1773 4 3
1774 4 3
1775 4 3
1776 10 9
1777 8 7
1778 9 8
1779 7 6
1780 4 3
1781 6 5
1782 2 1
1783 6 5
1784 2 1
1785 9 8
1786 10 9
1787 11 10
1788 7 6
1789 6 5
1790 7 6
1791 11 10
1792 2 1
1793 8 7
1794 5 4
1795 2 1
1796 3 2
1797 3 2
1798 5 4
1799 3 2
1800 5 4
1801 10 9
1802 9 8
1803 7 6
1804 11 10
1805 9 8
1806 11 10
1807 10 9
1808 5 4
1809 2 1
1810 5 4
1811 9 8
1812 3 2
1813 5 4
1814 7 6
1815 8 7
1816 10 9
1817 3 2
1818 3 2
1819 4 3
1820 4 3
1821 10 9
1822 8 7
1823 4 3
1824 10 9
1825 2 1
1826 7 6
1827 3 2
1828 9 8
1829 11 10
1830 11 10
1831 5 4
1832 4 3
1833 11 10
1834 3 2
1835 9 8
1836 10 9
1837 11 10
1838 3 2
1839 5 4
1840 5 4
1841 10 9
1842 7 6
1843 10 9
1844 4 3
1845 8 7
1846 3 2
1847 3 2
1848 4 3
1849 8 7
1850 7 6
1851 7 6
1852 11 10
1853 9 8
1854 9 8
1855 7 6
1856 5 4
1857 11 10
1858 10 9
1859 8 7
1860 7 6
1861 7 6
1862 10 9
1863 11 10
1864 11 10
1865 6 5
1866 2 1
1867 4 3
1868 2 1
1869 11 10
1870 11 10
1871 7 6
1872 3 2
1873 5 4
1874 5 4
1875 6 5
1876 9 8
1877 5 4
1878 2 1
1879 9 8
1880 8 7
1881 4 3
1882 2 1
1883 9 8
1884 5 4
1885 8 7
1886 8 7
1887 5 4
1888 11 10
1889 7 6
1890 4 3
1891 6 5
1892 6 5
1893 3 2
1894 5 4
1895 4 3
1896 7 6
1897 3 2
1898 11 10
1899 2 1
1900 2 1
1901 6 5
1902 7 6
1903 9 8
1904 7 6
1905 6 5
1906 10 9
1907 7 6
1908 2 1
1909 10 9
1910 7 6
1911 6 5
1912 5 4
1913 2 1
1914 9 8
1915 7 6
1916 8 7
1917 5 4
1918 2 1
1919 7 6
1920 8 7
1921 8 7
1922 2 1
1923 8 7
1924 11 10
1925 7 6
1926 6 5
1927 4 3
1928 8 7
1929 11 10
1930 11 10
1931 11 10
1932 7 6
1933 8 7
1934 7 6
1935 10 9
1936 10 9
1937 6 5
1938 9 8
1939 8 7
1940 4 3
1941 9 8
1942 2 1
1943 6 5
1944 6 5
1945 2 1
1946 4 3
1947 7 6
1948 11 10
1949 11 10
1950 6 5
1951 2 1
1952 7 6
1953 3 2
1954 4 3
1955 6 5
1956 4 3
1957 9 8
1958 10 9
1959 4 3
1960 11 10
1961 6 5
1962 8 7
1963 10 9
1964 10 9
1965 11 10
1966 10 9
1967 10 9
1968 7 6
1969 4 3
1970 3 2
1971 8 7
1972 9 8
1973 2 1
1974 11 10
1975 3 2
1976 2 1
1977 8 7
1978 3 2
1979 9 8
1980 9 8
1981 6 5
1982 11 10
1983 10 9
1984 6 5
1985 5 4
1986 10 9
1987 11 10
1988 11 10
1989 7 6
1990 9 8
1991 3 2
1992 2 1
1993 6 5
1994 11 10
1995 11 10
1996 8 7
1997 6 5
1998 7 6
1999 10 9
2000 11 10
2001 10 9
2002 7 6
2003 2 1
2004 6 5
2005 8 7
2006 6 5
2007 7 6
2008 3 2
2009 3 2
2010 9 8
2011 4 3
2012 6 5
2013 2 1
2014 6 5
2015 4 3
2016 11 10
2017 11 10
2018 7 6
2019 11 10
2020 4 3
2021 7 6
2022 3 2
2023 9 8
2024 10 9
2025 8 7
2026 5 4
2027 4 3
2028 10 9
2029 3 2
2030 8 7
2031 11 10
2032 11 10
2033 7 6
2034 8 7
2035 6 5
2036 6 5
2037 5 4
2038 3 2
2039 7 6
2040 2 1
2041 2 1
2042 3 2
2043 5 4
2044 2 1
2045 9 8
2046 4 3
2047 6 5
2048 10 9
2049 5 4
2050 6 5
2051 9 8
2052 9 8
2053 3 2
2054 2 1
2055 10 9
2056 11 10
2057 7 6
2058 5 4
2059 5 4
2060 8 7
2061 2 1
2062 10 9
2063 8 7
2064 7 6
2065 11 10
2066 8 7
2067 2 1
2068 9 8
2069 5 4
2070 10 9
2071 10 9
2072 7 6
2073 2 1
2074 8 7
2075 6 5
2076 4 3
2077 4 3
2078 4 3
2079 2 1
2080 9 8
2081 11 10
2082 10 9
2083 9 8
2084 4 3
2085 7 6
2086 3 2
2087 5 4
2088 7 6
2089 11 10
2090 7 6
2091 10 9
2092 8 7
2093 9 8
2094 8 7
2095 2 1
2096 4 3
2097 3 2
2098 2 1
2099 3 2
2100 11 10
2101 6 5
2102 11 10
2103 4 3
2104 11 10
2105 10 9
2106 7 6
2107 5 4
2108 3 2
2109 3 2
2110 3 2
2111 11 10
2112 4 3
2113 5 4
2114 4 3
2115 4 3
2116 8 7
2117 4 3
2118 8 7
2119 10 9
2120 8 7
2121 9 8
2122 4 3
2123 5 4
2124 4 3
2125 10 9
2126 9 8
2127 8 7
2128 2 1
2129 5 4
2130 2 1
2131 6 5
2132 11 10
2133 9 8
2134 11 10
2135 9 8
2136 7 6
2137 10 9
2138 8 7
2139 4 3
2140 4 3
2141 8 7
2142 10 9
2143 3 2
2144 6 5
2145 6 5
2146 6 5
2147 3 2
2148 7 6
2149 10 9
2150 8 7
2151 8 7
2152 7 6
2153 6 5
2154 5 4
2155 2 1
2156 11 10
2157 10 9
2158 5 4
2159 9 8
2160 10 9
2161 6 5
2162 11 10
2163 10 9
2164 5 4
2165 11 10
2166 3 2
2167 2 1
2168 2 1
2169 10 9
2170 5 4
2171 10 9
2172 8 7
2173 4 3
2174 5 4
2175 5 4
2176 7 6
2177 6 5
2178 3 2
2179 11 10
2180 8 7
2181 5 4
2182 9 8
2183 10 9
2184 6 5
2185 9 8
2186 4 3
2187 4 3
2188 10 9
2189 6 5
2190 2 1
2191 5 4
2192 8 7
2193 3 2
2194 3 2
2195 10 9
2196 3 2
2197 8 7
2198 6 5
2199 4 3
2200 10 9
2201 2 1
2202 7 6
2203 6 5
2204 3 2
2205 5 4
2206 11 10
2207 9 8
2208 2 1
2209 6 5
2210 3 2
2211 11 10
2212 4 3
2213 8 7
2214 2 1
2215 2 1
2216 8 7
2217 11 10
2218 2 1
2219 10 9
2220 11 10
2221 10 9
2222 3 2
2223 10 9
2224 11 10
2225 9 8
2226 6 5
2227 4 3
2228 6 5
2229 6 5
2230 3 2
2231 9 8
2232 4 3
2233 3 2
2234 10 9
2235 7 6
2236 5 4
2237 3 2
2238 5 4
2239 6 5
2240 9 8
2241 11 10
2242 3 2
2243 4 3
2244 10 9
2245 11 10
2246 4 3
2247 5 4
2248 8 7
2249 9 8
2250 8 7
2251 10 9
2252 5 4
2253 11 10
2254 7 6
2255 3 2
2256 3 2
2257 3 2
2258 5 4
2259 11 10
2260 9 8
2261 3 2
2262 7 6
2263 3 2
2264 3 2
2265 11 10
2266 2 1
2267 4 3
2268 5 4
2269 4 3
2270 4 3
2271 7 6
2272 3 2
2273 7 6
2274 7 6
2275 6 5
2276 10 9
2277 11 10
2278 2 1
2279 2 1
2280 4 3
2281 2 1
2282 2 1
2283 9 8
2284 8 7
2285 7 6
2286 8 7
2287 6 5
2288 7 6
2289 7 6
2290 6 5
2291 3 2
2292 4 3
2293 8 7
2294 2 1
2295 8 7
2296 10 9
2297 5 4
2298 10 9
2299 9 8
2300 3 2
2301 4 3
2302 11 10
2303 6 5
2304 9 8
2305 5 4
2306 3 2
2307 5 4
2308 11 10
2309 8 7
2310 2 1
2311 3 2
2312 2 1
2313 6 5
2314 11 10
2315 6 5
2316 8 7
2317 6 5
2318 2 1
2319 3 2
2320 5 4
2321 11 10
2322 5 4
2323 11 10
2324 11 10
2325 7 6
2326 4 3
2327 9 8
2328 11 10
2329 4 3
2330 3 2
2331 4 3
2332 4 3
2333 6 5
2334 4 3
2335 10 9
2336 7 6
2337 4 3
2338 3 2
2339 2 1
2340 10 9
2341 6 5
2342 7 6
2343 10 9
2344 7 6
2345 3 2
2346 11 10
2347 10 9
2348 11 10
2349 3 2
2350 2 1
2351 5 4
2352 10 9
2353 10 9
2354 3 2
2355 7 6
2356 4 3
2357 11 10
2358 4 3
2359 7 6
2360 6 5
2361 11 10
2362 8 7
2363 4 3
2364 9 8
2365 6 5
2366 6 5
2367 6 5
2368 2 1
2369 7 6
2370 11 10
2371 3 2
2372 5 4
2373 11 10
2374 5 4
2375 5 4
2376 10 9
2377 5 4
2378 4 3
2379 7 6
2380 8 7
2381 8 7
2382 5 4
2383 9 8
2384 11 10
2385 8 7
2386 9 8
2387 11 10
2388 8 7
2389 11 10
2390 4 3
2391 6 5
2392 11 10
2393 9 8
2394 11 10
2395 5 4
2396 5 4
2397 6 5
2398 5 4
2399 2 1
2400 9 8
2401 9 8
2402 3 2
2403 8 7
2404 11 10
2405 2 1
2406 11 10
2407 11 10
2408 10 9
2409 8 7
2410 4 3
2411 4 3
2412 3 2
2413 11 10
2414 11 10
2415 8 7
2416 9 8
2417 7 6
2418 5 4
2419 2 1
2420 3 2
2421 10 9
2422 9 8
2423 2 1
2424 3 2
2425 3 2
2426 10 9
2427 9 8
2428 6 5
2429 3 2
2430 10 9
2431 10 9
2432 4 3
2433 11 10
2434 10 9
2435 2 1
2436 3 2
2437 9 8
2438 3 2
2439 10 9
2440 7 6
2441 7 6
2442 3 2
2443 11 10
2444 11 10
2445 2 1
2446 8 7
2447 2 1
2448 9 8
2449 7 6
2450 6 5
2451 8 7
2452 4 3
2453 8 7
2454 2 1
2455 9 8
2456 3 2
2457 7 6
2458 11 10
2459 3 2
2460 7 6
2461 7 6
2462 4 3
2463 9 8
2464 9 8
2465 7 6
2466 4 3
2467 3 2
2468 11 10
2469 7 6
2470 5 4
2471 3 2
2472 9 8
2473 8 7
2474 6 5
2475 9 8
2476 3 2
2477 7 6
2478 7 6
2479 9 8
2480 8 7
2481 2 1
2482 3 2
2483 10 9
2484 4 3
2485 8 7
2486 10 9
2487 6 5
2488 2 1
2489 11 10
2490 6 5
2491 3 2
2492 2 1
2493 10 9
2494 3 2
2495 5 4
2496 4 3
2497 2 1
2498 5 4
2499 11 10
2500 9 8
2501 2 1
2502 4 3
2503 2 1
2504 3 2
2505 6 5
2506 2 1
2507 11 10
2508 2 1
2509 4 3
2510 8 7
2511 2 1
2512 4 3
2513 6 5
2514 2 1
2515 10 9
2516 8 7
2517 8 7
2518 10 9
2519 7 6
2520 11 10
2521 7 6
2522 2 1
2523 2 1
2524 4 3
2525 8 7
2526 5 4
2527 7 6
2528 6 5
2529 8 7
2530 8 7
2531 5 4
2532 10 9
2533 10 9
2534 2 1
2535 5 4
2536 2 1
2537 10 9
2538 11 10
2539 5 4
2540 4 3
2541 6 5
2542 2 1
2543 6 5
2544 7 6
2545 5 4
2546 5 4
2547 8 7
2548 10 9
2549 7 6
2550 9 8
2551 7 6
2552 4 3
2553 8 7
2554 7 6
2555 7 6
2556 5 4
2557 7 6
2558 8 7
2559 6 5
2560 3 2
2561 3 2
2562 8 7
2563 9 8
2564 10 9
2565 5 4
2566 7 6
2567 6 5
2568 2 1
2569 5 4
2570 5 4
2571 11 10
2572 2 1
2573 9 8
2574 11 10
2575 9 8
2576 6 5
2577 5 4
2578 2 1
2579 3 2
2580 7 6
2581 2 1
2582 2 1
2583 5 4
2584 2 1
2585 3 2
2586 5 4
2587 9 8
2588 5 4
2589 10 9
2590 2 1
2591 9 8
2592 11 10
2593 7 6
2594 6 5
2595 11 10
2596 2 1
2597 5 4
2598 3 2
2599 4 3
2600 2 1
2601 5 4
2602 10 9
2603 8 7
2604 8 7
2605 6 5
2606 2 1
2607 3 2
2608 3 2
2609 10 9
2610 6 5
2611 8 7
2612 9 8
2613 6 5
2614 7 6
2615 10 9
2616 2 1
2617 11 10
2618 11 10
2619 4 3
2620 3 2
2621 10 9
2622 5 4
2623 7 6
2624 2 1
2625 10 9
2626 4 3
2627 2 1
2628 9 8
2629 11 10
2630 9 8
2631 3 2
2632 11 10
2633 10 9
2634 4 3
2635 5 4
2636 3 2
2637 4 3
2638 6 5
2639 11 10
2640 4 3
2641 10 9
2642 2 1
2643 6 5
2644 9 8
2645 5 4
2646 3 2
2647 11 10
2648 10 9
2649 8 7
2650 11 10
2651 9 8
2652 5 4
2653 4 3
2654 9 8
2655 7 6
2656 2 1
2657 3 2
2658 3 2
2659 11 10
2660 8 7
2661 6 5
2662 4 3
2663 9 8
2664 2 1
2665 6 5
2666 7 6
2667 5 4
2668 9 8
2669 3 2
2670 7 6
2671 11 10
2672 9 8
2673 5 4
2674 6 5
2675 10 9
2676 3 2
2677 11 10
2678 7 6
2679 3 2
2680 6 5
2681 11 10
2682 2 1
2683 6 5
2684 3 2
2685 4 3
2686 9 8
2687 4 3
2688 7 6
2689 2 1
2690 7 6
2691 8 7
2692 4 3
2693 2 1
2694 3 2
2695 7 6
2696 6 5
2697 5 4
2698 9 8
2699 4 3
2700 10 9
2701 3 2
2702 3 2
2703 11 10
2704 10 9
2705 4 3
2706 2 1
2707 2 1
2708 3 2
2709 8 7
2710 8 7
2711 11 10
2712 4 3
2713 10 9
2714 5 4
2715 11 10
2716 10 9
2717 4 3
2718 4 3
2719 10 9
2720 3 2
2721 10 9
2722 3 2
2723 5 4
2724 9 8
2725 2 1
2726 4 3
2727 4 3
2728 7 6
2729 6 5
2730 6 5
2731 7 6
2732 8 7
2733 9 8
2734 6 5
2735 3 2
2736 11 10
2737 2 1
2738 2 1
2739 9 8
2740 6 5
2741 6 5
2742 7 6
2743 7 6
2744 8 7
2745 4 3
2746 8 7
2747 3 2
2748 11 10
2749 4 3
2750 5 4
2751 2 1
2752 5 4
2753 5 4
2754 2 1
2755 11 10
2756 4 3
2757 3 2
2758 2 1
2759 5 4
2760 6 5
2761 11 10
2762 5 4
2763 3 2
2764 2 1
2765 5 4
2766 11 10
2767 10 9
2768 8 7
2769 11 10
2770 6 5
2771 9 8
2772 6 5
2773 3 2
2774 9 8
2775 5 4
2776 7 6
2777 8 7
2778 8 7
2779 11 10
2780 10 9
2781 5 4
2782 8 7
2783 6 5
2784 3 2
2785 11 10
2786 9 8
2787 10 9
2788 8 7
2789 9 8
2790 3 2
2791 4 3
2792 9 8
2793 2 1
2794 7 6
2795 4 3
2796 8 7
2797 7 6
2798 3 2
2799 4 3
2800 11 10
2801 10 9
2802 7 6
2803 9 8
2804 4 3
2805 9 8
2806 3 2
2807 10 9
2808 8 7
2809 6 5
2810 9 8
2811 6 5
2812 3 2
2813 9 8
2814 11 10
2815 11 10
2816 2 1
2817 10 9
2818 9 8
2819 8 7
2820 11 10
2821 7 6
2822 5 4
2823 7 6
2824 8 7
2825 11 10
2826 10 9
2827 2 1
2828 3 2
2829 11 10
2830 4 3
2831 3 2
2832 2 1
2833 9 8
2834 4 3
2835 2 1
2836 3 2
2837 6 5
2838 4 3
2839 2 1
2840 6 5
2841 4 3
2842 5 4
2843 3 2
2844 7 6
2845 5 4
2846 6 5
2847 2 1
2848 7 6
2849 8 7
2850 6 5
2851 5 4
2852 10 9
2853 7 6
2854 9 8
2855 7 6
2856 7 6
2857 5 4
2858 8 7
2859 3 2
2860 2 1
2861 10 9
2862 11 10
2863 4 3
2864 5 4
2865 4 3
2866 10 9
2867 6 5
2868 4 3
2869 10 9
2870 5 4
2871 6 5
2872 4 3
2873 6 5
2874 10 9
2875 10 9
2876 4 3
2877 8 7
2878 9 8
2879 8 7
2880 6 5
2881 3 2
2882 10 9
2883 3 2
2884 7 6
2885 7 6
2886 11 10
2887 3 2
2888 7 6
2889 4 3
2890 6 5
2891 5 4
2892 10 9
2893 3 2
2894 6 5
2895 9 8
2896 5 4
2897 9 8
2898 6 5
2899 4 3
2900 3 2
2901 6 5
2902 3 2
2903 11 10
2904 11 10
2905 5 4
2906 4 3
2907 3 2
2908 7 6
2909 3 2
2910 4 3
2911 4 3
2912 4 3
2913 2 1
2914 5 4
2915 9 8
2916 4 3
2917 4 3
2918 7 6
2919 10 9
2920 9 8
2921 7 6
2922 2 1
2923 2 1
2924 5 4
2925 10 9
2926 7 6
2927 11 10
2928 3 2
2929 2 1
2930 4 3
2931 3 2
2932 11 10
2933 5 4
2934 8 7
2935 9 8
2936 11 10
2937 11 10
2938 4 3
2939 11 10
2940 5 4
2941 6 5
2942 9 8
2943 11 10
2944 5 4
2945 6 5
2946 7 6
2947 7 6
2948 5 4
2949 8 7
2950 6 5
2951 6 5
2952 7 6
2953 7 6
2954 7 6
2955 11 10
2956 7 6
2957 4 3
2958 11 10
2959 9 8
2960 10 9
2961 6 5
2962 9 8
2963 10 9
2964 7 6
2965 11 10
2966 10 9
2967 2 1
2968 5 4
2969 6 5
2970 6 5
2971 8 7
2972 3 2
2973 6 5
2974 2 1
2975 5 4
2976 5 4
2977 10 9
2978 6 5
2979 3 2
2980 9 8
2981 7 6
2982 3 2
2983 2 1
2984 10 9
2985 10 9
2986 4 3
2987 7 6
2988 11 10
2989 11 10
2990 11 10
2991 6 5
2992 9 8
2993 10 9
2994 4 3
2995 8 7
2996 7 6
2997 2 1
2998 7 6
2999 3 2
3000 9 8
3001 9 8
3002 2 1
3003 9 8
3004 5 4
3005 8 7
3006 5 4
3007 8 7
3008 6 5
3009 8 7
3010 4 3
3011 11 10
3012 6 5
3013 5 4
3014 5 4
3015 3 2
3016 3 2
3017 11 10
3018 11 10
3019 6 5
3020 10 9
3021 4 3
3022 6 5
3023 5 4
3024 11 10
3025 3 2
3026 3 2
3027 7 6
3028 9 8
3029 8 7
3030 6 5
3031 9 8
3032 7 6
3033 10 9
3034 2 1
3035 2 1
3036 11 10
3037 7 6
3038 6 5
3039 10 9
3040 2 1
3041 10 9
3042 4 3
3043 3 2
3044 11 10
3045 10 9
3046 7 6
3047 8 7
3048 6 5
3049 2 1
3050 2 1
3051 10 9
3052 11 10
3053 10 9
3054 11 10
3055 7 6
3056 4 3
3057 4 3
3058 6 5
3059 9 8
3060 3 2
3061 10 9
3062 11 10
3063 2 1
3064 4 3
3065 11 10
3066 5 4
3067 2 1
3068 2 1
3069 3 2
3070 11 10
3071 11 10
3072 11 10
3073 9 8
3074 5 4
3075 6 5
3076 3 2
3077 3 2
3078 3 2
3079 6 5
3080 7 6
3081 6 5
3082 9 8
3083 7 6
3084 4 3
3085 11 10
3086 11 10
3087 3 2
3088 9 8
3089 5 4
3090 4 3
3091 4 3
3092 3 2
3093 4 3
3094 9 8
3095 4 3
3096 3 2
3097 2 1
3098 6 5
3099 4 3
3100 7 6
3101 8 7
3102 11 10
3103 2 1
3104 11 10
3105 4 3
3106 4 3
3107 5 4
3108 3 2
3109 3 2
3110 7 6
3111 10 9
3112 7 6
3113 3 2
3114 3 2
3115 9 8
3116 8 7
3117 8 7
3118 9 8
3119 9 8
3120 4 3
3121 4 3
3122 8 7
3123 7 6
3124 7 6
3125 7 6
3126 11 10
3127 7 6
3128 3 2
3129 3 2
3130 10 9
3131 9 8
3132 8 7
3133 9 8
3134 9 8
3135 7 6
3136 2 1
3137 3 2
3138 11 10
3139 9 8
3140 3 2
3141 3 2
3142 4 3
3143 10 9
3144 5 4
3145 2 1
3146 3 2
3147 5 4
3148 5 4
3149 10 9
3150 8 7
3151 2 1
3152 6 5
3153 2 1
3154 7 6
3155 2 1
3156 4 3
3157 7 6
3158 6 5
3159 4 3
3160 7 6
3161 3 2
3162 5 4
3163 4 3
3164 7 6
3165 3 2
3166 2 1
3167 9 8
3168 6 5
3169 10 9
3170 5 4
3171 2 1
3172 5 4
3173 9 8
3174 3 2
3175 7 6
3176 5 4
3177 11 10
3178 4 3
3179 5 4
3180 10 9
3181 10 9
3182 3 2
3183 11 10
3184 3 2
3185 2 1
3186 9 8
3187 2 1
3188 9 8
3189 9 8
3190 4 3
3191 5 4
3192 8 7
3193 9 8
3194 6 5
3195 4 3
3196 8 7
3197 5 4
3198 2 1
3199 5 4
3200 3 2
3201 7 6
3202 3 2
3203 10 9
3204 5 4
3205 7 6
3206 6 5
3207 9 8
3208 7 6
3209 5 4
3210 11 10
3211 7 6
3212 9 8
3213 10 9
3214 6 5
3215 2 1
3216 11 10
3217 3 2
3218 5 4
3219 2 1
3220 10 9
3221 9 8
3222 4 3
3223 11 10
3224 7 6
3225 11 10
3226 8 7
3227 5 4
3228 10 9
3229 11 10
3230 11 10
3231 6 5
3232 9 8
3233 8 7
3234 9 8
3235 6 5
3236 2 1
3237 8 7
3238 9 8
3239 3 2
3240 4 3
3241 10 9
3242 10 9
3243 6 5
3244 2 1
3245 7 6
3246 7 6
3247 10 9
3248 7 6
3249 4 3
3250 9 8
3251 9 8
3252 3 2
3253 5 4
3254 4 3
3255 9 8
3256 10 9
3257 3 2
3258 7 6
3259 3 2
3260 4 3
3261 5 4
3262 2 1
3263 5 4
3264 8 7
3265 9 8
3266 10 9
3267 4 3
3268 11 10
3269 8 7
3270 4 3
3271 3 2
3272 11 10
3273 6 5
3274 4 3
3275 8 7
3276 10 9
3277 7 6
3278 10 9
3279 8 7
3280 11 10
3281 2 1
3282 9 8
3283 4 3
3284 4 3
3285 6 5
3286 6 5
3287 9 8
3288 5 4
3289 5 4
3290 11 10
3291 9 8
3292 4 3
3293 5 4
3294 3 2
3295 10 9
3296 7 6
3297 10 9
3298 6 5
3299 11 10
3300 6 5
3301 9 8
3302 3 2
3303 11 10
3304 4 3
3305 4 3
3306 5 4
3307 6 5
3308 6 5
3309 6 5
3310 9 8
3311 5 4
3312 8 7
3313 11 10
3314 5 4
3315 6 5
3316 10 9
3317 9 8
3318 5 4
3319 4 3
3320 9 8
3321 4 3
3322 5 4
3323 7 6
3324 10 9
3325 2 1
3326 6 5
3327 6 5
3328 4 3
3329 5 4
3330 3 2
3331 4 3
3332 9 8
3333 3 2
3334 6 5
3335 4 3
3336 8 7
3337 6 5
3338 2 1
3339 11 10
3340 7 6
3341 11 10
3342 9 8
3343 5 4
3344 6 5
3345 5 4
3346 8 7
3347 2 1
3348 4 3
3349 8 7
3350 9 8
3351 10 9
3352 4 3
3353 9 8
3354 11 10
3355 8 7
3356 10 9
3357 8 7
3358 5 4
3359 7 6
3360 11 10
3361 2 1
3362 2 1
3363 2 1
3364 10 9
3365 4 3
3366 5 4
3367 4 3
3368 9 8
3369 3 2
3370 2 1
3371 11 10
3372 5 4
3373 4 3
3374 5 4
3375 10 9
3376 8 7
3377 6 5
3378 2 1
3379 8 7
3380 6 5
3381 11 10
3382 11 10
3383 2 1
3384 10 9
3385 7 6
3386 8 7
3387 7 6
3388 2 1
3389 9 8
3390 9 8
3391 2 1
3392 3 2
3393 9 8
3394 6 5
3395 4 3
3396 4 3
3397 3 2
3398 10 9
3399 2 1
3400 8 7
3401 3 2
3402 2 1
3403 3 2
3404 4 3
3405 5 4
3406 4 3
3407 6 5
3408 3 2
3409 4 3
3410 8 7
3411 3 2
3412 11 10
3413 2 1
3414 9 8
3415 7 6
3416 2 1
3417 4 3
3418 9 8
3419 3 2
3420 9 8
3421 8 7
3422 11 10
3423 7 6
3424 5 4
3425 9 8
3426 3 2
3427 6 5
3428 3 2
3429 9 8
3430 4 3
3431 7 6
3432 4 3
3433 4 3
3434 5 4
3435 10 9
3436 9 8
3437 7 6
3438 3 2
3439 3 2
3440 5 4
3441 8 7
3442 11 10
3443 6 5
3444 6 5
3445 3 2
3446 10 9
3447 5 4
3448 2 1
3449 5 4
3450 7 6
3451 6 5
3452 6 5
3453 11 10
3454 6 5
3455 11 10
3456 2 1
3457 11 10
3458 3 2
3459 6 5
3460 5 4
3461 2 1
3462 9 8
3463 6 5
3464 11 10
3465 10 9
3466 5 4
3467 8 7
3468 8 7
3469 10 9
3470 9 8
3471 11 10
3472 8 7
3473 7 6
3474 11 10
3475 4 3
3476 8 7
3477 5 4
3478 7 6
3479 10 9
3480 3 2
3481 9 8
3482 9 8
3483 4 3
3484 4 3
3485 3 2
3486 4 3
3487 7 6
3488 5 4
3489 3 2
3490 11 10
3491 8 7
3492 2 1
3493 3 2
3494 11 10
3495 7 6
3496 5 4
3497 11 10
3498 4 3
3499 10 9
3500 4 3
3501 6 5
3502 2 1
3503 4 3
3504 4 3
3505 10 9
3506 9 8
3507 6 5
3508 9 8
3509 7 6
3510 9 8
3511 6 5
3512 4 3
3513 10 9
3514 8 7
3515 6 5
3516 2 1
3517 5 4
3518 7 6
3519 9 8
3520 5 4
3521 6 5
3522 6 5
3523 10 9
3524 2 1
3525 9 8
3526 5 4
3527 11 10
3528 6 5
3529 6 5
3530 5 4
3531 10 9
3532 4 3
3533 7 6
3534 11 10
3535 3 2
3536 3 2
3537 3 2
3538 5 4
3539 8 7
3540 10 9
3541 3 2
3542 2 1
3543 8 7
3544 3 2
3545 4 3
3546 8 7
3547 5 4
3548 6 5
3549 6 5
3550 3 2
3551 3 2
3552 7 6
3553 10 9
3554 6 5
3555 4 3
3556 10 9
3557 9 8
3558 7 6
3559 3 2
3560 7 6
3561 7 6
3562 10 9
3563 10 9
3564 5 4
3565 2 1
3566 3 2
3567 3 2
3568 5 4
3569 9 8
3570 10 9
3571 9 8
3572 6 5
3573 10 9
3574 8 7
3575 8 7
3576 10 9
3577 2 1
3578 4 3
3579 10 9
3580 6 5
3581 8 7
3582 6 5
3583 2 1
3584 11 10
3585 2 1
3586 4 3
3587 7 6
3588 6 5
3589 9 8
3590 11 10
3591 8 7
3592 5 4
3593 2 1
3594 7 6
3595 9 8
3596 9 8
3597 10 9
3598 9 8
3599 9 8
3600 8 7
3601 4 3
3602 3 2
3603 11 10
3604 11 10
3605 3 2
3606 11 10
3607 6 5
3608 6 5
3609 9 8
3610 10 9
3611 10 9
3612 2 1
3613 6 5
3614 10 9
3615 8 7
3616 11 10
3617 2 1
3618 11 10
3619 6 5
3620 7 6
3621 11 10
3622 2 1
3623 10 9
3624 2 1
3625 8 7
3626 5 4
3627 4 3
3628 5 4
3629 7 6
3630 4 3
3631 3 2
3632 8 7
3633 5 4
3634 2 1
3635 8 7
3636 11 10
3637 11 10
3638 2 1
3639 7 6
3640 6 5
3641 6 5
3642 5 4
3643 10 9
3644 7 6
3645 3 2
3646 7 6
3647 9 8
3648 9 8
3649 8 7
3650 7 6
3651 3 2
3652 8 7
3653 5 4
3654 9 8
3655 2 1
3656 9 8
3657 6 5
3658 3 2
3659 3 2
3660 11 10
3661 3 2
3662 8 7
3663 4 3
3664 2 1
3665 9 8
3666 3 2
3667 7 6
3668 11 10
3669 2 1
3670 9 8
3671 11 10
3672 3 2
3673 10 9
3674 10 9
3675 11 10
3676 8 7
3677 2 1
3678 3 2
3679 8 7
3680 5 4
3681 3 2
3682 11 10
3683 9 8
3684 5 4
3685 3 2
3686 2 1
3687 2 1
3688 7 6
3689 9 8
3690 11 10
3691 4 3
3692 9 8
3693 6 5
3694 2 1
3695 7 6
3696 8 7
3697 7 6
3698 2 1
3699 10 9
3700 8 7
3701 7 6
3702 8 7
3703 6 5
3704 11 10
3705 5 4
3706 8 7
3707 9 8
3708 9 8
3709 10 9
3710 7 6
3711 7 6
3712 4 3
3713 3 2
3714 10 9
3715 10 9
3716 6 5
3717 4 3
3718 11 10
3719 3 2
3720 7 6
3721 10 9
3722 2 1
3723 3 2
3724 3 2
3725 6 5
3726 6 5
3727 11 10
3728 2 1
3729 7 6
3730 3 2
3731 11 10
3732 7 6
3733 2 1
3734 3 2
3735 8 7
3736 8 7
3737 10 9
3738 8 7
3739 11 10
3740 10 9
3741 8 7
3742 6 5
3743 11 10
3744 10 9
3745 2 1
3746 2 1
3747 6 5
3748 10 9
3749 10 9
3750 3 2
3751 5 4
3752 10 9
3753 4 3
3754 11 10
3755 3 2
3756 2 1
3757 4 3
3758 7 6
3759 3 2
3760 9 8
3761 2 1
3762 8 7
3763 9 8
3764 7 6
3765 8 7
3766 6 5
3767 9 8
3768 8 7
3769 2 1
3770 3 2
3771 4 3
3772 2 1
3773 10 9
3774 10 9
3775 11 10
3776 7 6
3777 3 2
3778 7 6
3779 5 4
3780 3 2
3781 8 7
3782 2 1
3783 11 10
3784 2 1
3785 9 8
3786 9 8
3787 4 3
3788 4 3
3789 10 9
3790 5 4
3791 11 10
3792 9 8
3793 5 4
3794 10 9
3795 8 7
3796 4 3
3797 3 2
3798 7 6
3799 7 6
3800 7 6
3801 4 3
3802 7 6
3803 10 9
3804 7 6
3805 6 5
3806 5 4
3807 10 9
3808 10 9
3809 8 7
3810 5 4
3811 2 1
3812 6 5
3813 9 8
3814 8 7
3815 11 10
3816 3 2
3817 3 2
3818 5 4
3819 11 10
3820 6 5
3821 2 1
3822 6 5
3823 6 5
3824 7 6
3825 6 5
3826 4 3
3827 8 7
3828 10 9
3829 3 2
3830 2 1
3831 8 7
3832 7 6
3833 10 9
3834 11 10
3835 2 1
3836 2 1
3837 11 10
3838 10 9
3839 5 4
3840 7 6
3841 3 2
3842 6 5
3843 5 4
3844 9 8
3845 3 2
3846 7 6
3847 6 5
3848 4 3
3849 7 6
3850 11 10
3851 11 10
3852 4 3
3853 4 3
3854 3 2
3855 8 7
3856 3 2
3857 9 8
3858 9 8
3859 11 10
3860 8 7
3861 9 8
3862 6 5
3863 11 10
3864 5 4
3865 5 4
3866 4 3
3867 5 4
3868 7 6
3869 2 1
3870 5 4
3871 8 7
3872 3 2
3873 11 10
3874 6 5
3875 11 10
3876 10 9
3877 4 3
3878 9 8
3879 11 10
3880 8 7
3881 7 6
3882 2 1
3883 6 5
3884 3 2
3885 2 1
3886 4 3
3887 4 3
3888 6 5
3889 10 9
3890 10 9
3891 4 3
3892 5 4
3893 6 5
3894 10 9
3895 5 4
3896 8 7
3897 11 10
3898 5 4
3899 7 6
3900 8 7
3901 3 2
3902 10 9
3903 11 10
3904 3 2
3905 3 2
3906 7 6
3907 10 9
3908 3 2
3909 2 1
3910 6 5
3911 3 2
3912 11 10
3913 6 5
3914 3 2
3915 3 2
3916 2 1
3917 11 10
3918 7 6
3919 2 1
3920 11 10
3921 6 5
3922 8 7
3923 5 4
3924 10 9
3925 11 10
3926 8 7
3927 6 5
3928 8 7
3929 6 5
3930 7 6
3931 6 5
3932 11 10
3933 4 3
3934 5 4
3935 3 2
3936 5 4
3937 3 2
3938 2 1
3939 3 2
3940 11 10
3941 5 4
3942 5 4
3943 3 2
3944 4 3
3945 9 8
3946 6 5
3947 10 9
3948 5 4
3949 3 2
3950 11 10
3951 6 5
3952 8 7
3953 9 8
3954 2 1
3955 10 9
3956 2 1
3957 10 9
3958 8 7
3959 2 1
3960 2 1
3961 10 9
3962 10 9
3963 5 4
3964 3 2
3965 4 3
3966 9 8
3967 6 5
3968 2 1
3969 2 1
3970 11 10
3971 10 9
3972 7 6
3973 10 9
3974 11 10
3975 2 1
3976 3 2
3977 2 1
3978 10 9
3979 4 3
3980 11 10
3981 4 3
3982 5 4
3983 8 7
3984 6 5
3985 4 3
3986 4 3
3987 8 7
3988 7 6
3989 7 6
3990 5 4
3991 5 4
3992 11 10
3993 8 7
3994 10 9
3995 5 4
3996 3 2
3997 9 8
3998 6 5
3999 5 4
4000 8 7
4001 7 6
4002 6 5
4003 2 1
4004 9 8
4005 8 7
4006 3 2
4007 5 4
4008 8 7
4009 6 5
4010 8 7
4011 3 2
4012 5 4
4013 2 1
4014 2 1
4015 5 4
4016 6 5
4017 11 10
4018 11 10
4019 9 8
4020 3 2
4021 4 3
4022 7 6
4023 10 9
4024 5 4
4025 7 6
4026 2 1
4027 2 1
4028 9 8
4029 5 4
4030 10 9
4031 9 8
4032 2 1
4033 4 3
4034 5 4
4035 4 3
4036 3 2
4037 11 10
4038 3 2
4039 4 3
4040 7 6
4041 3 2
4042 7 6
4043 8 7
4044 9 8
4045 8 7
4046 8 7
4047 11 10
4048 8 7
4049 8 7
4050 2 1
4051 7 6
4052 11 10
4053 3 2
4054 9 8
4055 10 9
4056 3 2
4057 10 9
4058 3 2
4059 10 9
4060 9 8
4061 7 6
4062 7 6
4063 2 1
4064 9 8
4065 5 4
4066 4 3
4067 11 10
4068 4 3
4069 10 9
4070 6 5
4071 5 4
4072 5 4
4073 5 4
4074 11 10
4075 5 4
4076 4 3
4077 11 10
4078 9 8
4079 5 4
4080 8 7
4081 9 8
4082 9 8
4083 8 7
4084 6 5
4085 3 2
4086 7 6
4087 11 10
4088 9 8
4089 3 2
4090 6 5
4091 2 1
4092 11 10
4093 4 3
4094 2 1
4095 5 4
4096 11 10
4097 10 9
4098 10 9
4099 10 9
4100 4 3
4101 9 8
4102 3 2
4103 5 4
4104 9 8
4105 5 4
4106 11 10
4107 9 8
4108 6 5
4109 11 10
4110 10 9
4111 9 8
4112 9 8
4113 11 10
4114 8 7
4115 6 5
4116 2 1
4117 8 7
4118 10 9
4119 3 2
4120 3 2
4121 6 5
4122 3 2
4123 8 7
4124 5 4
4125 8 7
4126 8 7
4127 6 5
4128 2 1
4129 11 10
4130 8 7
4131 4 3
4132 11 10
4133 6 5
4134 3 2
4135 2 1
4136 3 2
4137 6 5
4138 11 10
4139 8 7
4140 6 5
4141 10 9
4142 3 2
4143 7 6
4144 10 9
4145 10 9
4146 4 3
4147 4 3
4148 4 3
4149 5 4
4150 6 5
4151 5 4
4152 5 4
4153 11 10
4154 2 1
4155 2 1
4156 7 6
4157 8 7
4158 10 9
4159 10 9
4160 3 2
4161 3 2
4162 8 7
4163 3 2
4164 10 9
4165 9 8
4166 2 1
4167 7 6
4168 8 7
4169 5 4
4170 4 3
4171 10 9
4172 11 10
4173 9 8
4174 2 1
4175 8 7
4176 4 3
4177 2 1
4178 5 4
4179 6 5
4180 11 10
4181 9 8
4182 6 5
4183 9 8
4184 4 3
4185 7 6
4186 8 7
4187 4 3
4188 2 1
4189 6 5
4190 11 10
4191 4 3
4192 8 7
4193 8 7
4194 7 6
4195 3 2
4196 10 9
4197 8 7
4198 6 5
4199 4 3
4200 9 8
4201 4 3
4202 8 7
4203 11 10
4204 6 5
4205 9 8
4206 4 3
4207 4 3
4208 2 1
4209 7 6
4210 11 10
4211 9 8
4212 2 1
4213 3 2
4214 6 5
4215 3 2
4216 11 10
4217 10 9
4218 3 2
4219 2 1
4220 4 3
4221 5 4
4222 11 10
4223 5 4
4224 11 10
4225 3 2
4226 5 4
4227 11 10
4228 2 1
4229 6 5
4230 10 9
4231 10 9
4232 7 6
4233 4 3
4234 11 10
4235 9 8
4236 5 4
4237 11 10
4238 10 9
4239 2 1
4240 3 2
4241 2 1
4242 11 10
4243 10 9
4244 6 5
4245 7 6
4246 3 2
4247 10 9
4248 7 6
4249 9 8
4250 6 5
4251 10 9
4252 8 7
4253 2 1
4254 5 4
4255 3 2
4256 5 4
4257 10 9
4258 7 6
4259 3 2
4260 6 5
4261 2 1
4262 10 9
4263 5 4
4264 5 4
4265 7 6
4266 6 5
4267 8 7
4268 8 7
4269 7 6
4270 6 5
4271 5 4
4272 7 6
4273 3 2
4274 5 4
4275 6 5
4276 8 7
4277 5 4
4278 10 9
4279 11 10
4280 4 3
4281 5 4
4282 11 10
4283 2 1
4284 2 1
4285 9 8
4286 5 4
4287 10 9
4288 2 1
4289 9 8
4290 9 8
4291 7 6
4292 4 3
4293 5 4
4294 10 9
4295 11 10
4296 11 10
4297 4 3
4298 2 1
4299 8 7
4300 9 8
4301 7 6
4302 11 10
4303 3 2
4304 7 6
4305 11 10
4306 11 10
4307 11 10
4308 2 1
4309 8 7
4310 5 4
4311 9 8
4312 9 8
4313 3 2
4314 6 5
4315 2 1
4316 8 7
4317 10 9
4318 6 5
4319 7 6
4320 5 4
4321 2 1
4322 7 6
4323 3 2
4324 8 7
4325 3 2
4326 2 1
4327 8 7
4328 10 9
4329 7 6
4330 11 10
4331 11 10
4332 10 9
4333 6 5
4334 2 1
4335 5 4
4336 10 9
4337 3 2
4338 3 2
4339 6 5
4340 4 3
4341 11 10
4342 2 1
4343 8 7
4344 9 8
4345 9 8
4346 9 8
4347 3 2
4348 4 3
4349 10 9
4350 2 1
4351 3 2
4352 7 6
4353 11 10
4354 11 10
4355 7 6
4356 5 4
4357 5 4
4358 4 3
4359 6 5
4360 11 10
4361 2 1
4362 11 10
4363 4 3
4364 8 7
4365 10 9
4366 7 6
4367 2 1
4368 7 6
4369 3 2
4370 8 7
4371 5 4
4372 6 5
4373 10 9
4374 7 6
4375 2 1
4376 8 7
4377 5 4
4378 7 6
4379 10 9
4380 2 1
4381 3 2
4382 5 4
4383 9 8
4384 5 4
4385 10 9
4386 2 1
4387 5 4
4388 10 9
4389 4 3
4390 8 7
4391 10 9
4392 10 9
4393 2 1
4394 8 7
4395 10 9
4396 11 10
4397 8 7
4398 9 8
4399 2 1
4400 2 1
4401 3 2
4402 8 7
4403 2 1
4404 5 4
4405 3 2
4406 4 3
4407 4 3
4408 4 3
4409 5 4
4410 3 2
4411 11 10
4412 6 5
4413 8 7
4414 2 1
4415 5 4
4416 6 5
4417 11 10
4418 8 7
4419 3 2
4420 9 8
4421 10 9
4422 9 8
4423 10 9
4424 11 10
4425 3 2
4426 10 9
4427 9 8
4428 10 9
4429 8 7
4430 6 5
4431 11 10
4432 10 9
4433 5 4
4434 10 9
4435 4 3
4436 3 2
4437 11 10
4438 11 10
4439 6 5
4440 9 8
4441 11 10
4442 4 3
4443 6 5
4444 10 9
4445 4 3
4446 9 8
4447 4 3
4448 6 5
4449 6 5
4450 9 8
4451 2 1
4452 10 9
4453 5 4
4454 2 1
4455 11 10
4456 11 10
4457 7 6
4458 11 10
4459 9 8
4460 8 7
4461 4 3
4462 7 6
4463 5 4
4464 8 7
4465 4 3
4466 11 10
4467 11 10
4468 9 8
4469 5 4
4470 6 5
4471 3 2
4472 7 6
4473 7 6
4474 3 2
4475 8 7
4476 11 10
4477 6 5
4478 3 2
4479 2 1
4480 3 2
4481 5 4
4482 3 2
4483 5 4
4484 6 5
4485 4 3
4486 2 1
4487 2 1
4488 11 10
4489 3 2
4490 5 4
4491 4 3
4492 7 6
4493 9 8
4494 11 10
4495 7 6
4496 11 10
4497 5 4
4498 3 2
4499 11 10
4500 2 1
4501 2 1
4502 5 4
4503 8 7
4504 6 5
4505 8 7
4506 11 10
4507 11 10
4508 8 7
4509 5 4
4510 5 4
4511 5 4
4512 9 8
4513 9 8
4514 9 8
4515 4 3
4516 5 4
4517 5 4
4518 4 3
4519 7 6
4520 11 10
4521 4 3
4522 2 1
4523 7 6
4524 6 5
4525 3 2
4526 3 2
4527 7 6
4528 7 6
4529 10 9
4530 6 5
4531 7 6
4532 4 3
4533 11 10
4534 11 10
4535 6 5
4536 11 10
4537 11 10
4538 3 2
4539 9 8
4540 11 10
4541 9 8
4542 6 5
4543 4 3
4544 7 6
4545 11 10
4546 9 8
4547 2 1
4548 10 9
4549 4 3
4550 7 6
4551 8 7
4552 10 9
4553 11 10
4554 4 3
4555 2 1
4556 8 7
4557 3 2
4558 5 4
4559 4 3
4560 5 4
4561 8 7
4562 3 2
4563 6 5
4564 2 1
4565 2 1
4566 11 10
4567 11 10
4568 7 6
4569 2 1
4570 5 4
4571 7 6
4572 8 7
4573 6 5
4574 10 9
4575 6 5
4576 5 4
4577 10 9
4578 8 7
4579 5 4
4580 9 8
4581 7 6
4582 8 7
4583 7 6
4584 10 9
4585 7 6
4586 8 7
4587 11 10
4588 3 2
4589 2 1
4590 4 3
4591 3 2
4592 7 6
4593 6 5
4594 7 6
4595 7 6
4596 6 5
4597 9 8
4598 9 8
4599 7 6
4600 9 8
4601 6 5
4602 9 8
4603 9 8
4604 7 6
4605 8 7
4606 2 1
4607 3 2
4608 6 5
4609 5 4
4610 10 9
4611 10 9
4612 11 10
4613 9 8
4614 10 9
4615 5 4
4616 9 8
4617 6 5
4618 8 7
4619 6 5
4620 2 1
4621 4 3
4622 4 3
4623 10 9
4624 5 4
4625 5 4
4626 2 1
4627 11 10
4628 5 4
4629 10 9
4630 8 7
4631 2 1
4632 7 6
4633 3 2
4634 2 1
4635 5 4
4636 5 4
4637 7 6
4638 11 10
4639 8 7
4640 8 7
4641 7 6
4642 11 10
4643 3 2
4644 2 1
4645 3 2
4646 4 3
4647 2 1
4648 8 7
4649 4 3
4650 2 1
4651 3 2
4652 8 7
4653 3 2
4654 4 3
4655 2 1
4656 6 5
4657 10 9
4658 9 8
4659 5 4
4660 7 6
4661 3 2
4662 9 8
4663 6 5
4664 3 2
4665 3 2
4666 7 6
4667 7 6
4668 4 3
4669 2 1
4670 2 1
4671 10 9
4672 6 5
4673 9 8
4674 5 4
4675 2 1
4676 9 8
4677 6 5
4678 10 9
4679 6 5
4680 8 7
4681 7 6
4682 10 9
4683 9 8
4684 5 4
4685 7 6
4686 3 2
4687 8 7
4688 10 9
4689 6 5
4690 10 9
4691 6 5
4692 10 9
4693 4 3
4694 3 2
4695 9 8
4696 10 9
4697 3 2
4698 7 6
4699 2 1
4700 7 6
4701 10 9
4702 6 5
4703 6 5
4704 8 7
4705 4 3
4706 5 4
4707 5 4
4708 5 4
4709 10 9
4710 7 6
4711 6 5
4712 2 1
4713 3 2
4714 8 7
4715 11 10
4716 4 3
4717 4 3
4718 5 4
4719 5 4
4720 4 3
4721 6 5
4722 4 3
4723 7 6
4724 10 9
4725 3 2
4726 5 4
4727 8 7
4728 10 9
4729 3 2
4730 2 1
4731 10 9
4732 8 7
4733 4 3
4734 10 9
4735 7 6
4736 2 1
4737 7 6
4738 6 5
4739 5 4
4740 8 7
4741 4 3
4742 7 6
4743 11 10
4744 4 3
4745 2 1
4746 2 1
4747 10 9
4748 8 7
4749 3 2
4750 3 2
4751 7 6
4752 2 1
4753 3 2
4754 7 6
4755 6 5
4756 11 10
4757 11 10
4758 5 4
4759 5 4
4760 6 5
4761 3 2
4762 10 9
4763 8 7
4764 5 4
4765 9 8
4766 4 3
4767 7 6
4768 7 6
4769 5 4
4770 10 9
4771 8 7
4772 3 2
4773 9 8
4774 11 10
4775 4 3
4776 2 1
4777 11 10
4778 9 8
4779 9 8
4780 8 7
4781 3 2
4782 4 3
4783 10 9
4784 4 3
4785 8 7
4786 3 2
4787 8 7
4788 5 4
4789 7 6
4790 3 2
4791 5 4
4792 9 8
4793 11 10
4794 9 8
4795 9 8
4796 9 8
4797 4 3
4798 4 3
4799 2 1
4800 8 7
4801 4 3
4802 9 8
4803 4 3
4804 9 8
4805 8 7
4806 5 4
4807 9 8
4808 4 3
4809 7 6
4810 5 4
4811 3 2
4812 2 1
4813 6 5
4814 6 5
4815 4 3
4816 6 5
4817 4 3
4818 9 8
4819 2 1
4820 9 8
4821 6 5
4822 2 1
4823 8 7
4824 5 4
4825 3 2
4826 5 4
4827 2 1
4828 7 6
4829 7 6
4830 10 9
4831 11 10
4832 3 2
4833 5 4
4834 4 3
4835 6 5
4836 9 8
4837 3 2
4838 8 7
4839 2 1
4840 4 3
4841 8 7
4842 6 5
4843 9 8
4844 9 8
4845 7 6
4846 4 3
4847 10 9
4848 2 1
4849 4 3
4850 4 3
4851 3 2
4852 7 6
4853 10 9
4854 10 9
4855 11 10
4856 2 1
4857 3 2
4858 5 4
4859 6 5
4860 2 1
4861 3 2
4862 2 1
4863 5 4
4864 11 10
4865 6 5
4866 2 1
4867 8 7
4868 7 6
4869 11 10
4870 5 4
4871 9 8
4872 10 9
4873 4 3
4874 7 6
4875 11 10
4876 5 4
4877 9 8
4878 10 9
4879 2 1
4880 9 8
4881 11 10
4882 8 7
4883 6 5
4884 4 3
4885 3 2
4886 6 5
4887 5 4
4888 10 9
4889 8 7
4890 7 6
4891 6 5
4892 11 10
4893 10 9
4894 10 9
4895 9 8
4896 2 1
4897 8 7
4898 9 8
4899 10 9
4900 6 5
4901 8 7
4902 7 6
4903 9 8
4904 6 5
4905 10 9
4906 6 5
4907 10 9
4908 2 1
4909 11 10
4910 11 10
4911 7 6
4912 5 4
4913 2 1
4914 6 5
4915 10 9
4916 4 3
4917 8 7
4918 8 7
4919 6 5
4920 8 7
4921 11 10
4922 7 6
4923 5 4
4924 5 4
4925 9 8
4926 10 9
4927 7 6
4928 6 5
4929 5 4
4930 8 7
4931 8 7
4932 7 6
4933 4 3
4934 4 3
4935 4 3
4936 6 5
4937 6 5
4938 6 5
4939 8 7
4940 7 6
4941 11 10
4942 2 1
4943 5 4
4944 5 4
4945 9 8
4946 3 2
4947 9 8
4948 9 8
4949 10 9
4950 2 1
4951 2 1
4952 7 6
4953 9 8
4954 11 10
4955 4 3
4956 10 9
4957 8 7
4958 9 8
4959 9 8
4960 10 9
4961 7 6
4962 3 2
4963 9 8
4964 5 4
4965 3 2
4966 4 3
4967 10 9
4968 5 4
4969 5 4
4970 11 10
4971 10 9
4972 4 3
4973 2 1
4974 7 6
4975 3 2
4976 3 2
4977 9 8
4978 9 8
4979 4 3
4980 7 6
4981 11 10
4982 9 8
4983 11 10
4984 2 1
4985 8 7
4986 5 4
4987 7 6
4988 11 10
4989 11 10
4990 2 1
4991 11 10
4992 5 4
4993 4 3
4994 4 3
4995 7 6
4996 2 1
4997 5 4
4998 7 6
4999 11 10
5000 8 7
5001 6 5
5002 4 3
5003 6 5
5004 11 10
5005 5 4
5006 8 7
5007 9 8
5008 7 6
5009 8 7
5010 3 2
5011 3 2
5012 3 2
5013 6 5
5014 6 5
5015 11 10
5016 4 3
5017 4 3
5018 3 2
5019 10 9
5020 8 7
5021 7 6
5022 6 5
5023 2 1
5024 3 2
5025 5 4
5026 3 2
5027 10 9
5028 11 10
5029 5 4
5030 11 10
5031 6 5
5032 10 9
5033 2 1
5034 11 10
5035 3 2
5036 2 1
5037 9 8
5038 7 6
5039 7 6
5040 7 6
5041 7 6
5042 3 2
5043 6 5
5044 4 3
5045 8 7
5046 7 6
5047 6 5
5048 2 1
5049 8 7
5050 4 3
5051 11 10
5052 5 4
5053 10 9
5054 6 5
5055 4 3
5056 5 4
5057 8 7
5058 11 10
5059 3 2
5060 9 8
5061 11 10
5062 3 2
5063 8 7
5064 5 4
5065 8 7
5066 11 10
5067 11 10
5068 9 8
5069 4 3
5070 3 2
5071 9 8
5072 11 10
5073 5 4
5074 5 4
5075 5 4
5076 7 6
5077 7 6
5078 7 6
5079 3 2
5080 6 5
5081 4 3
5082 7 6
5083 10 9
5084 2 1
5085 6 5
5086 5 4
5087 2 1
5088 6 5
5089 2 1
5090 9 8
5091 2 1
5092 8 7
5093 8 7
5094 3 2
5095 9 8
5096 3 2
5097 11 10
5098 3 2
5099 8 7
5100 9 8
5101 11 10
5102 10 9
5103 5 4
5104 8 7
5105 4 3
5106 10 9
5107 3 2
5108 3 2
5109 9 8
5110 7 6
5111 4 3
5112 7 6
5113 10 9
5114 9 8
5115 11 10
5116 6 5
5117 3 2
5118 7 6
5119 11 10
5120 7 6
5121 4 3
5122 11 10
5123 8 7
5124 4 3
5125 6 5
5126 11 10
5127 2 1
5128 5 4
5129 5 4
5130 2 1
5131 4 3
5132 9 8
5133 7 6
5134 7 6
5135 5 4
5136 11 10
5137 2 1
5138 7 6
5139 2 1
5140 7 6
5141 2 1
5142 3 2
5143 10 9
5144 8 7
5145 4 3
5146 9 8
5147 9 8
5148 5 4
5149 9 8
5150 2 1
5151 7 6
5152 2 1
5153 10 9
5154 5 4
5155 6 5
5156 3 2
5157 8 7
5158 2 1
5159 2 1
5160 6 5
5161 2 1
5162 7 6
5163 8 7
5164 5 4
5165 8 7
5166 3 2
5167 8 7
5168 3 2
5169 10 9
5170 11 10
5171 10 9
5172 4 3
5173 10 9
5174 2 1
5175 3 2
5176 9 8
5177 2 1
5178 8 7
5179 6 5
5180 2 1
5181 11 10
5182 4 3
5183 8 7
5184 10 9
5185 8 7
5186 6 5
5187 2 1
5188 6 5
5189 8 7
5190 10 9
5191 3 2
5192 11 10
5193 5 4
5194 8 7
5195 8 7
5196 3 2
5197 11 10
5198 7 6
5199 7 6
5200 6 5
5201 10 9
5202 2 1
5203 3 2
5204 10 9
5205 11 10
5206 6 5
5207 11 10
5208 7 6
5209 11 10
5210 6 5
5211 5 4
5212 6 5
5213 2 1
5214 4 3
5215 7 6
5216 11 10
5217 4 3
5218 10 9
5219 11 10
5220 3 2
5221 11 10
5222 8 7
5223 2 1
5224 4 3
5225 8 7
5226 11 10
5227 8 7
5228 4 3
5229 4 3
5230 5 4
5231 6 5
5232 6 5
5233 8 7
5234 8 7
5235 9 8
5236 5 4
5237 4 3
5238 7 6
5239 9 8
5240 7 6
5241 4 3
5242 8 7
5243 4 3
5244 6 5
5245 9 8
5246 5 4
5247 10 9
5248 4 3
5249 5 4
5250 4 3
5251 2 1
5252 10 9
5253 7 6
5254 6 5
5255 6 5
5256 10 9
5257 2 1
5258 3 2
5259 9 8
5260 3 2
5261 7 6
5262 9 8
5263 9 8
5264 5 4
5265 7 6
5266 4 3
5267 10 9
5268 9 8
5269 4 3
5270 8 7
5271 11 10
5272 6 5
5273 5 4
5274 4 3
5275 6 5
5276 6 5
5277 8 7
5278 11 10
5279 9 8
5280 10 9
5281 3 2
5282 2 1
5283 3 2
5284 3 2
5285 2 1
5286 9 8
5287 5 4
5288 9 8
5289 8 7
5290 8 7
5291 8 7
5292 2 1
5293 9 8
5294 5 4
5295 4 3
5296 5 4
5297 3 2
5298 9 8
5299 8 7
5300 8 7
5301 8 7
5302 7 6
5303 2 1
5304 11 10
5305 11 10
5306 8 7
5307 3 2
5308 2 1
5309 8 7
5310 3 2
5311 2 1
5312 7 6
5313 6 5
5314 10 9
5315 7 6
5316 7 6
5317 2 1
5318 11 10
5319 4 3
5320 10 9
5321 5 4
5322 8 7
5323 5 4
5324 3 2
5325 3 2
5326 7 6
5327 8 7
5328 3 2
5329 3 2
5330 4 3
5331 10 9
5332 11 10
5333 9 8
5334 7 6
5335 6 5
5336 5 4
5337 11 10
5338 4 3
5339 9 8
5340 4 3
5341 8 7
5342 2 1
5343 3 2
5344 7 6
5345 7 6
5346 6 5
5347 5 4
5348 3 2
5349 3 2
5350 10 9
5351 11 10
5352 2 1
5353 3 2
5354 10 9
5355 10 9
5356 9 8
5357 2 1
5358 5 4
5359 7 6
5360 3 2
5361 5 4
5362 2 1
5363 4 3
5364 11 10
5365 8 7
5366 10 9
5367 2 1
5368 10 9
5369 2 1
5370 2 1
5371 4 3
5372 8 7
5373 4 3
5374 8 7
5375 4 3
5376 3 2
5377 8 7
5378 11 10
5379 2 1
5380 8 7
5381 6 5
5382 11 10
5383 11 10
5384 4 3
5385 7 6
5386 7 6
5387 8 7
5388 9 8
5389 6 5
5390 8 7
5391 4 3
5392 6 5
5393 5 4
5394 2 1
5395 8 7
5396 3 2
5397 4 3
5398 10 9
5399 2 1
5400 7 6
5401 10 9
5402 9 8
5403 2 1
5404 2 1
5405 7 6
5406 8 7
5407 10 9
5408 8 7
5409 5 4
5410 5 4
5411 2 1
5412 10 9
5413 5 4
5414 2 1
5415 9 8
5416 4 3
5417 3 2
5418 11 10
5419 5 4
5420 3 2
5421 6 5
5422 5 4
5423 9 8
5424 9 8
5425 11 10
5426 8 7
5427 9 8
5428 8 7
5429 7 6
5430 9 8
5431 6 5
5432 3 2
5433 9 8
5434 5 4
5435 11 10
5436 11 10
5437 5 4
5438 5 4
5439 6 5
5440 4 3
5441 4 3
5442 2 1
5443 11 10
5444 3 2
5445 5 4
5446 4 3
5447 8 7
5448 10 9
5449 7 6
5450 5 4
5451 7 6
5452 6 5
5453 9 8
5454 7 6
5455 4 3
5456 7 6
5457 6 5
5458 5 4
5459 8 7
5460 6 5
5461 2 1
5462 6 5
5463 9 8
5464 11 10
5465 5 4
5466 2 1
5467 2 1
5468 5 4
5469 6 5
5470 10 9
5471 6 5
5472 10 9
5473 2 1
5474 8 7
5475 3 2
5476 7 6
5477 4 3
5478 3 2
5479 9 8
5480 8 7
5481 6 5
5482 8 7
5483 11 10
5484 6 5
5485 7 6
5486 2 1
5487 2 1
5488 6 5
5489 2 1
5490 7 6
5491 5 4
5492 11 10
5493 4 3
5494 3 2
5495 10 9
5496 11 10
5497 10 9
5498 9 8
5499 9 8
5500 7 6
5501 11 10
5502 10 9
5503 3 2
5504 2 1
5505 2 1
5506 8 7
5507 8 7
5508 11 10
5509 11 10
5510 5 4
5511 7 6
5512 5 4
5513 3 2
5514 10 9
5515 5 4
5516 7 6
5517 9 8
5518 11 10
5519 8 7
5520 4 3
5521 9 8
5522 11 10
5523 10 9
5524 6 5
5525 3 2
5526 2 1
5527 3 2
5528 7 6
5529 5 4
5530 7 6
5531 9 8
5532 8 7
5533 11 10
5534 4 3
5535 11 10
5536 4 3
5537 8 7
5538 10 9
5539 4 3
5540 9 8
5541 9 8
5542 10 9
5543 2 1
5544 6 5
5545 10 9
5546 9 8
5547 4 3
5548 5 4
5549 8 7
5550 9 8
5551 7 6
5552 8 7
5553 2 1
5554 3 2
5555 8 7
5556 10 9
5557 2 1
5558 3 2
5559 2 1
5560 5 4
5561 8 7
5562 4 3
5563 3 2
5564 8 7
5565 7 6
5566 7 6
5567 11 10
5568 10 9
5569 7 6
5570 4 3
5571 4 3
5572 11 10
5573 4 3
5574 2 1
5575 11 10
5576 2 1
5577 2 1
5578 11 10
5579 10 9
5580 7 6
5581 11 10
5582 9 8
5583 5 4
5584 11 10
5585 5 4
5586 3 2
5587 2 1
5588 7 6
5589 2 1
5590 4 3
5591 2 1
5592 3 2
5593 7 6
5594 9 8
5595 2 1
5596 11 10
5597 10 9
5598 4 3
5599 2 1
5600 4 3
5601 5 4
5602 9 8
5603 4 3
5604 5 4
5605 7 6
5606 6 5
5607 10 9
5608 10 9
5609 3 2
5610 9 8
5611 9 8
5612 4 3
5613 5 4
5614 3 2
5615 10 9
5616 2 1
5617 11 10
5618 10 9
5619 3 2
5620 8 7
5621 4 3
5622 10 9
5623 11 10
5624 4 3
5625 9 8
5626 3 2
5627 8 7
5628 11 10
5629 4 3
5630 11 10
5631 4 3
5632 4 3
5633 3 2
5634 6 5
5635 9 8
5636 7 6
5637 2 1
5638 7 6
5639 11 10
5640 9 8
5641 2 1
5642 3 2
5643 11 10
5644 3 2
5645 6 5
5646 8 7
5647 11 10
5648 11 10
5649 6 5
5650 5 4
5651 9 8
5652 4 3
5653 6 5
5654 10 9
5655 5 4
5656 8 7
5657 11 10
5658 3 2
5659 7 6
5660 2 1
5661 10 9
5662 5 4
5663 7 6
5664 2 1
5665 2 1
5666 3 2
5667 2 1
5668 6 5
5669 5 4
5670 4 3
5671 10 9
5672 11 10
5673 11 10
5674 11 10
5675 11 10
5676 10 9
5677 7 6
5678 4 3
5679 7 6
5680 6 5
5681 4 3
5682 11 10
5683 10 9
5684 2 1
5685 2 1
5686 11 10
5687 5 4
5688 11 10
5689 5 4
5690 5 4
5691 2 1
5692 3 2
5693 5 4
5694 8 7
5695 2 1
5696 8 7
5697 6 5
5698 8 7
5699 7 6
5700 4 3
5701 3 2
5702 6 5
5703 6 5
5704 3 2
5705 10 9
5706 5 4
5707 9 8
5708 8 7
5709 9 8
5710 8 7
5711 4 3
5712 8 7
5713 6 5
5714 7 6
5715 3 2
5716 8 7
5717 6 5
5718 7 6
5719 10 9
5720 10 9
5721 10 9
5722 3 2
5723 9 8
5724 2 1
5725 9 8
5726 10 9
5727 8 7
5728 3 2
5729 2 1
5730 5 4
5731 9 8
5732 10 9
5733 3 2
5734 4 3
5735 11 10
5736 8 7
5737 7 6
5738 4 3
5739 10 9
5740 7 6
5741 6 5
5742 7 6
5743 4 3
5744 2 1
5745 5 4
5746 10 9
5747 4 3
5748 8 7
5749 4 3
5750 2 1
5751 4 3
5752 5 4
5753 9 8
5754 8 7
5755 3 2
5756 6 5
5757 2 1
5758 6 5
5759 11 10
5760 3 2
5761 11 10
5762 4 3
5763 2 1
5764 2 1
5765 11 10
5766 3 2
5767 7 6
5768 9 8
5769 5 4
5770 2 1
5771 8 7
5772 5 4
5773 6 5
5774 9 8
5775 9 8
5776 8 7
5777 4 3
5778 3 2
5779 7 6
5780 7 6
5781 8 7
5782 10 9
5783 2 1
5784 7 6
5785 2 1
5786 3 2
5787 8 7
5788 9 8
5789 8 7
5790 5 4
5791 9 8
5792 9 8
5793 9 8
5794 5 4
5795 2 1
5796 4 3
5797 4 3
5798 4 3
5799 6 5
5800 5 4
5801 3 2
5802 6 5
5803 8 7
5804 5 4
5805 6 5
5806 8 7
5807 5 4
5808 6 5
5809 11 10
5810 11 10
5811 10 9
5812 4 3
5813 4 3
5814 7 6
5815 8 7
5816 4 3
5817 5 4
5818 8 7
5819 6 5
5820 9 8
5821 11 10
5822 9 8
5823 2 1
5824 7 6
5825 4 3
5826 10 9
5827 3 2
5828 9 8
5829 3 2
5830 5 4
5831 8 7
5832 8 7
5833 2 1
5834 2 1
5835 7 6
5836 10 9
5837 7 6
5838 2 1
5839 8 7
5840 8 7
5841 3 2
5842 8 7
5843 4 3
5844 7 6
5845 8 7
5846 11 10
5847 9 8
5848 10 9
5849 6 5
5850 10 9
5851 6 5
5852 5 4
5853 2 1
5854 5 4
5855 11 10
5856 10 9
5857 3 2
5858 8 7
5859 2 1
5860 7 6
5861 11 10
5862 5 4
5863 5 4
5864 9 8
5865 3 2
5866 9 8
5867 11 10
5868 4 3
5869 9 8
5870 11 10
5871 9 8
5872 11 10
5873 9 8
5874 10 9
5875 7 6
5876 9 8
5877 7 6
5878 5 4
5879 8 7
5880 9 8
5881 9 8
5882 5 4
5883 3 2
5884 11 10
5885 10 9
5886 4 3
5887 11 10
5888 6 5
5889 10 9
5890 4 3
5891 4 3
5892 4 3
5893 3 2
5894 9 8
5895 8 7
5896 5 4
5897 8 7
5898 4 3
5899 7 6
5900 8 7
5901 2 1
5902 5 4
5903 6 5
5904 10 9
5905 5 4
5906 6 5
5907 11 10
5908 3 2
5909 7 6
5910 2 1
5911 7 6
5912 10 9
5913 10 9
5914 4 3
5915 2 1
5916 11 10
5917 11 10
5918 4 3
5919 2 1
5920 4 3
5921 3 2
5922 5 4
5923 3 2
5924 3 2
5925 6 5
5926 8 7
5927 9 8
5928 11 10
5929 10 9
5930 6 5
5931 4 3
5932 4 3
5933 9 8
5934 3 2
5935 3 2
5936 10 9
5937 9 8
5938 7 6
5939 2 1
5940 2 1
5941 10 9
5942 6 5
5943 4 3
5944 6 5
5945 3 2
5946 9 8
5947 6 5
5948 6 5
5949 2 1
5950 5 4
5951 4 3
5952 11 10
5953 8 7
5954 4 3
5955 4 3
5956 2 1
5957 10 9
5958 7 6
5959 8 7
5960 7 6
5961 10 9
5962 8 7
5963 3 2
5964 8 7
5965 5 4
5966 10 9
5967 8 7
5968 2 1
5969 5 4
5970 6 5
5971 4 3
5972 6 5
5973 8 7
5974 10 9
5975 2 1
5976 2 1
5977 10 9
5978 10 9
5979 9 8
5980 10 9
5981 5 4
5982 6 5
5983 6 5
5984 9 8
5985 2 1
5986 11 10
5987 2 1
5988 3 2
5989 8 7
5990 7 6
5991 7 6
5992 5 4
5993 11 10
5994 8 7
5995 7 6
5996 11 10
5997 8 7
5998 6 5
5999 2 1
6000 11 10
6001 8 7
6002 5 4
6003 7 6
6004 3 2
6005 2 1
6006 5 4
6007 10 9
6008 7 6
6009 7 6
6010 4 3
6011 11 10
6012 10 9
6013 9 8
6014 5 4
6015 11 10
6016 4 3
6017 6 5
6018 8 7
6019 7 6
6020 3 2
6021 11 10
6022 11 10
6023 9 8
6024 9 8
6025 7 6
6026 4 3
6027 11 10
6028 2 1
6029 2 1
6030 10 9
6031 11 10
6032 2 1
6033 8 7
6034 10 9
6035 4 3
6036 4 3
6037 9 8
6038 6 5
6039 4 3
6040 5 4
6041 5 4
6042 3 2
6043 6 5
6044 2 1
6045 6 5
6046 2 1
6047 8 7
6048 2 1
6049 8 7
6050 5 4
6051 3 2
6052 11 10
6053 11 10
6054 11 10
6055 7 6
6056 3 2
6057 11 10
6058 11 10
6059 2 1
6060 8 7
6061 6 5
6062 10 9
6063 3 2
6064 6 5
6065 8 7
6066 10 9
6067 9 8
6068 4 3
6069 3 2
6070 6 5
6071 10 9
6072 7 6
6073 9 8
6074 3 2
6075 8 7
6076 11 10
6077 4 3
6078 11 10
6079 5 4
6080 6 5
6081 9 8
6082 8 7
6083 5 4
6084 10 9
6085 5 4
6086 11 10
6087 6 5
6088 9 8
6089 6 5
6090 10 9
6091 11 10
6092 11 10
6093 4 3
6094 10 9
6095 3 2
6096 8 7
6097 10 9
6098 11 10
6099 11 10
6100 9 8
6101 9 8
6102 7 6
6103 7 6
6104 6 5
6105 6 5
6106 6 5
6107 9 8
6108 4 3
6109 10 9
6110 3 2
6111 3 2
6112 9 8
6113 11 10
6114 5 4
6115 9 8
6116 7 6
6117 8 7
6118 2 1
6119 6 5
6120 4 3
6121 4 3
6122 6 5
6123 11 10
6124 3 2
6125 5 4
6126 3 2
6127 11 10
6128 10 9
6129 8 7
6130 4 3
6131 10 9
6132 9 8
6133 2 1
6134 6 5
6135 2 1
6136 4 3
6137 9 8
6138 11 10
6139 8 7
6140 10 9
6141 7 6
6142 2 1
6143 3 2
6144 10 9
6145 3 2
6146 8 7
6147 3 2
6148 11 10
6149 3 2
6150 7 6
6151 7 6
6152 11 10
6153 2 1
6154 5 4
6155 2 1
6156 6 5
6157 7 6
6158 10 9
6159 3 2
6160 3 2
6161 6 5
6162 11 10
6163 5 4
6164 4 3
6165 10 9
6166 4 3
6167 9 8
6168 7 6
6169 10 9
6170 4 3
6171 6 5
6172 9 8
6173 6 5
6174 2 1
6175 7 6
6176 3 2
6177 2 1
6178 5 4
6179 2 1
6180 9 8
6181 9 8
6182 7 6
6183 8 7
6184 4 3
6185 10 9
6186 4 3
6187 10 9
6188 11 10
6189 11 10
6190 8 7
6191 4 3
6192 4 3
6193 2 1
6194 8 7
6195 6 5
6196 2 1
6197 10 9
6198 9 8
6199 2 1
6200 6 5
6201 4 3
6202 11 10
6203 11 10
6204 9 8
6205 2 1
6206 5 4
6207 11 10
6208 9 8
6209 9 8
6210 5 4
6211 10 9
6212 10 9
6213 3 2
6214 4 3
6215 6 5
6216 9 8
6217 9 8
6218 11 10
6219 3 2
6220 5 4
6221 11 10
6222 3 2
6223 2 1
6224 3 2
6225 4 3
6226 9 8
6227 10 9
6228 9 8
6229 4 3
6230 10 9
6231 5 4
6232 11 10
6233 10 9
6234 6 5
6235 10 9
6236 11 10
6237 4 3
6238 9 8
6239 5 4
6240 5 4
6241 8 7
6242 6 5
6243 11 10
6244 5 4
6245 11 10
6246 7 6
6247 4 3
6248 6 5
6249 7 6
6250 9 8
6251 11 10
6252 10 9
6253 5 4
6254 7 6
6255 6 5
6256 2 1
6257 7 6
6258 8 7
6259 10 9
6260 4 3
6261 11 10
6262 5 4
6263 2 1
6264 3 2
6265 7 6
6266 6 5
6267 11 10
6268 5 4
6269 7 6
6270 4 3
6271 5 4
6272 8 7
6273 2 1
6274 8 7
6275 4 3
6276 2 1
6277 3 2
6278 5 4
6279 8 7
6280 10 9
6281 7 6
6282 3 2
6283 10 9
6284 10 9
6285 3 2
6286 8 7
6287 10 9
6288 5 4
6289 7 6
6290 11 10
6291 8 7
6292 4 3
6293 5 4
6294 3 2
6295 4 3
6296 3 2
6297 2 1
6298 11 10
6299 5 4
6300 2 1
6301 9 8
6302 5 4
6303 9 8
6304 6 5
6305 9 8
6306 9 8
6307 5 4
6308 11 10
6309 7 6
6310 3 2
6311 7 6
6312 4 3
6313 7 6
6314 3 2
6315 4 3
6316 3 2
6317 9 8
6318 7 6
6319 7 6
6320 9 8
6321 9 8
6322 5 4
6323 7 6
6324 4 3
6325 9 8
6326 8 7
6327 10 9
6328 5 4
6329 2 1
6330 10 9
6331 4 3
6332 4 3
6333 7 6
6334 9 8
6335 4 3
6336 7 6
6337 3 2
6338 6 5
6339 4 3
6340 5 4
6341 11 10
6342 7 6
6343 7 6
6344 6 5
6345 3 2
6346 11 10
6347 2 1
6348 11 10
6349 7 6
6350 5 4
6351 3 2
6352 11 10
6353 11 10
6354 2 1
6355 3 2
6356 11 10
6357 2 1
6358 3 2
6359 5 4
6360 3 2
6361 6 5
6362 9 8
6363 11 10
6364 5 4
6365 4 3
6366 8 7
6367 2 1
6368 10 9
6369 2 1
6370 2 1
6371 11 10
6372 11 10
6373 11 10
6374 6 5
6375 2 1
6376 9 8
6377 10 9
6378 8 7
6379 7 6
6380 8 7
6381 11 10
6382 3 2
6383 6 5
6384 7 6
6385 9 8
6386 5 4
6387 5 4
6388 5 4
6389 10 9
6390 11 10
6391 7 6
6392 8 7
6393 2 1
6394 10 9
6395 8 7
6396 10 9
6397 6 5
6398 4 3
6399 9 8
6400 4 3
6401 8 7
6402 11 10
6403 3 2
6404 3 2
6405 9 8
6406 9 8
6407 5 4
6408 10 9
6409 8 7
6410 4 3
6411 11 10
6412 11 10
6413 4 3
6414 8 7
6415 4 3
6416 10 9
6417 4 3
6418 5 4
6419 4 3
6420 11 10
6421 5 4
6422 7 6
6423 7 6
6424 2 1
6425 5 4
6426 5 4
6427 2 1
6428 2 1
6429 5 4
6430 10 9
6431 7 6
6432 11 10
6433 8 7
6434 6 5
6435 9 8
6436 10 9
6437 4 3
6438 8 7
6439 2 1
6440 11 10
6441 4 3
6442 2 1
6443 11 10
6444 3 2
6445 6 5
6446 10 9
6447 2 1
6448 10 9
6449 6 5
6450 10 9
6451 6 5
6452 11 10
6453 3 2
6454 11 10
6455 2 1
6456 7 6
6457 2 1
6458 6 5
6459 2 1
6460 7 6
6461 7 6
6462 6 5
6463 2 1
6464 7 6
6465 2 1
6466 4 3
6467 4 3
6468 9 8
6469 2 1
6470 8 7
6471 2 1
6472 2 1
6473 9 8
6474 9 8
6475 10 9
6476 9 8
6477 4 3
6478 4 3
6479 4 3
6480 5 4
6481 3 2
6482 8 7
6483 8 7
6484 8 7
6485 11 10
6486 5 4
6487 8 7
6488 7 6
6489 5 4
6490 7 6
6491 11 10
6492 6 5
6493 8 7
6494 9 8
6495 2 1
6496 9 8
6497 10 9
6498 5 4
6499 6 5
6500 3 2
6501 6 5
6502 2 1
6503 11 10
6504 7 6
6505 11 10
6506 8 7
6507 5 4
6508 10 9
6509 8 7
6510 9 8
6511 10 9
6512 11 10
6513 5 4
6514 6 5
6515 5 4
6516 7 6
6517 6 5
6518 9 8
6519 7 6
6520 2 1
6521 4 3
6522 10 9
6523 3 2
6524 4 3
6525 3 2
6526 2 1
6527 4 3
6528 8 7
6529 6 5
6530 11 10
6531 4 3
6532 4 3
6533 9 8
6534 11 10
6535 10 9
6536 3 2
6537 7 6
6538 2 1
6539 2 1
6540 3 2
6541 10 9
6542 3 2
6543 10 9
6544 7 6
6545 6 5
6546 9 8
6547 3 2
6548 7 6
6549 5 4
6550 11 10
6551 5 4
6552 5 4
6553 5 4
6554 10 9
6555 9 8
6556 5 4
6557 7 6
6558 2 1
6559 9 8
6560 11 10
6561 7 6
6562 11 10
6563 2 1
6564 9 8
6565 7 6
6566 6 5
6567 5 4
6568 11 10
6569 3 2
6570 3 2
6571 9 8
6572 7 6
6573 5 4
6574 8 7
6575 11 10
6576 4 3
6577 10 9
6578 11 10
6579 2 1
6580 6 5
6581 6 5
6582 6 5
6583 6 5
6584 9 8
6585 10 9
6586 7 6
6587 11 10
6588 9 8
6589 6 5
6590 5 4
6591 5 4
6592 4 3
6593 9 8
6594 7 6
6595 4 3
6596 4 3
6597 10 9
6598 5 4
6599 8 7
6600 4 3
6601 11 10
6602 5 4
6603 8 7
6604 7 6
6605 10 9
6606 8 7
6607 9 8
6608 2 1
6609 11 10
6610 5 4
6611 7 6
6612 2 1
6613 3 2
6614 9 8
6615 3 2
6616 9 8
6617 7 6
6618 8 7
6619 11 10
6620 7 6
6621 6 5
6622 11 10
6623 9 8
6624 5 4
6625 10 9
6626 9 8
6627 7 6
6628 11 10
6629 10 9
6630 2 1
6631 5 4
6632 6 5
6633 11 10
6634 11 10
6635 8 7
6636 5 4
6637 2 1
6638 8 7
6639 4 3
6640 4 3
6641 6 5
6642 11 10
6643 5 4
6644 3 2
6645 10 9
6646 11 10
6647 11 10
6648 9 8
6649 4 3
6650 11 10
6651 6 5
6652 8 7
6653 4 3
6654 11 10
6655 6 5
6656 10 9
6657 2 1
6658 8 7
6659 2 1
6660 3 2
6661 10 9
6662 9 8
6663 2 1
6664 8 7
6665 3 2
6666 5 4
6667 8 7
6668 5 4
6669 7 6
6670 7 6
6671 8 7
6672 6 5
6673 6 5
6674 11 10
6675 11 10
6676 5 4
6677 2 1
6678 4 3
6679 4 3
6680 6 5
6681 11 10
6682 2 1
6683 4 3
6684 3 2
6685 11 10
6686 8 7
6687 4 3
6688 4 3
6689 4 3
6690 2 1
6691 3 2
6692 7 6
6693 6 5
6694 11 10
6695 7 6
6696 4 3
6697 11 10
6698 3 2
6699 9 8
6700 11 10
6701 5 4
6702 11 10
6703 8 7
6704 5 4
6705 3 2
6706 8 7
6707 8 7
6708 4 3
6709 6 5
6710 11 10
6711 9 8
6712 9 8
6713 8 7
6714 10 9
6715 9 8
6716 10 9
6717 7 6
6718 7 6
6719 10 9
6720 4 3
6721 9 8
6722 10 9
6723 2 1
6724 10 9
6725 3 2
6726 11 10
6727 3 2
6728 10 9
6729 11 10
6730 2 1
6731 9 8
6732 11 10
6733 9 8
6734 10 9
6735 2 1
6736 2 1
6737 6 5
6738 5 4
6739 6 5
6740 6 5
6741 9 8
6742 9 8
6743 7 6
6744 11 10
6745 5 4
6746 9 8
6747 2 1
6748 8 7
6749 4 3
6750 2 1
6751 4 3
6752 4 3
6753 11 10
6754 6 5
6755 8 7
6756 6 5
6757 2 1
6758 11 10
6759 4 3
6760 8 7
6761 2 1
6762 7 6
6763 7 6
6764 5 4
6765 7 6
6766 9 8
6767 4 3
6768 11 10
6769 8 7
6770 11 10
6771 11 10
6772 2 1
6773 11 10
6774 3 2
6775 8 7
6776 11 10
6777 4 3
6778 2 1
6779 9 8
6780 5 4
6781 9 8
6782 2 1
6783 8 7
6784 9 8
6785 2 1
6786 8 7
6787 10 9
6788 2 1
6789 10 9
6790 7 6
6791 9 8
6792 6 5
6793 11 10
6794 11 10
6795 6 5
6796 9 8
6797 2 1
6798 3 2
6799 7 6
6800 3 2
6801 4 3
6802 8 7
6803 2 1
6804 11 10
6805 5 4
6806 8 7
6807 2 1
6808 6 5
6809 7 6
6810 5 4
6811 2 1
6812 7 6
6813 4 3
6814 8 7
6815 6 5
6816 6 5
6817 10 9
6818 11 10
6819 2 1
6820 10 9
6821 4 3
6822 11 10
6823 8 7
6824 11 10
6825 7 6
6826 9 8
6827 8 7
6828 8 7
6829 5 4
6830 3 2
6831 2 1
6832 9 8
6833 7 6
6834 5 4
6835 3 2
6836 9 8
6837 3 2
6838 7 6
6839 10 9
6840 11 10
6841 11 10
6842 6 5
6843 7 6
6844 6 5
6845 8 7
6846 4 3
6847 5 4
6848 10 9
6849 3 2
6850 11 10
6851 2 1
6852 6 5
6853 6 5
6854 11 10
6855 2 1
6856 8 7
6857 4 3
6858 10 9
6859 8 7
6860 9 8
6861 3 2
6862 7 6
6863 8 7
6864 2 1
6865 11 10
6866 2 1
6867 9 8
6868 8 7
6869 2 1
6870 9 8
6871 9 8
6872 9 8
6873 5 4
6874 6 5
6875 2 1
6876 7 6
6877 6 5
6878 3 2
6879 4 3
6880 7 6
6881 8 7
6882 7 6
6883 7 6
6884 10 9
6885 9 8
6886 8 7
6887 9 8
6888 5 4
6889 8 7
6890 7 6
6891 10 9
6892 6 5
6893 6 5
6894 10 9
6895 9 8
6896 10 9
6897 3 2
6898 5 4
6899 5 4
6900 8 7
6901 4 3
6902 11 10
6903 9 8
6904 2 1
6905 8 7
6906 10 9
6907 4 3
6908 5 4
6909 8 7
6910 10 9
6911 2 1
6912 3 2
6913 3 2
6914 9 8
6915 9 8
6916 11 10
6917 4 3
6918 7 6
6919 5 4
6920 9 8
6921 5 4
6922 11 10
6923 2 1
6924 3 2
6925 11 10
6926 5 4
6927 10 9
6928 11 10
6929 11 10
6930 11 10
6931 7 6
6932 7 6
6933 8 7
6934 11 10
6935 4 3
6936 2 1
6937 7 6
6938 5 4
6939 10 9
6940 8 7
6941 2 1
6942 8 7
6943 6 5
6944 5 4
6945 2 1
6946 11 10
6947 11 10
6948 6 5
6949 7 6
6950 11 10
6951 8 7
6952 6 5
6953 11 10
6954 11 10
6955 2 1
6956 10 9
6957 8 7
6958 10 9
6959 7 6
6960 7 6
6961 5 4
6962 2 1
6963 9 8
6964 4 3
6965 9 8
6966 4 3
6967 10 9
6968 3 2
6969 9 8
6970 5 4
6971 9 8
6972 4 3
6973 8 7
6974 7 6
6975 10 9
6976 8 7
6977 7 6
6978 11 10
6979 10 9
6980 7 6
6981 5 4
6982 7 6
6983 4 3
6984 10 9
6985 11 10
6986 9 8
6987 11 10
6988 9 8
6989 6 5
6990 10 9
6991 4 3
6992 2 1
6993 6 5
6994 11 10
6995 4 3
6996 9 8
6997 4 3
6998 5 4
6999 7 6
7000 2 1
7001 7 6
7002 7 6
7003 5 4
7004 5 4
7005 10 9
7006 7 6
7007 4 3
7008 3 2
7009 10 9
7010 5 4
7011 4 3
7012 10 9
7013 5 4
7014 9 8
7015 11 10
7016 11 10
7017 2 1
7018 10 9
7019 5 4
7020 6 5
7021 3 2
7022 6 5
7023 2 1
7024 11 10
7025 7 6
7026 5 4
7027 10 9
7028 2 1
7029 6 5
7030 6 5
7031 4 3
7032 9 8
7033 4 3
7034 3 2
7035 2 1
7036 6 5
7037 8 7
7038 7 6
7039 3 2
7040 8 7
7041 5 4
7042 4 3
7043 6 5
7044 8 7
7045 3 2
7046 3 2
7047 10 9
7048 2 1
7049 5 4
7050 5 4
7051 4 3
7052 11 10
7053 2 1
7054 11 10
7055 2 1
7056 2 1
7057 10 9
7058 5 4
7059 8 7
7060 6 5
7061 9 8
7062 3 2
7063 7 6
7064 2 1
7065 9 8
7066 9 8
7067 6 5
7068 3 2
7069 7 6
7070 3 2
7071 6 5
7072 6 5
7073 11 10
7074 9 8
7075 4 3
7076 6 5
7077 5 4
7078 7 6
7079 2 1
7080 2 1
7081 3 2
7082 6 5
7083 6 5
7084 7 6
7085 10 9
7086 11 10
7087 11 10
7088 4 3
7089 6 5
7090 5 4
7091 7 6
7092 7 6
7093 10 9
7094 5 4
7095 4 3
7096 3 2
7097 2 1
7098 9 8
7099 6 5
7100 5 4
7101 9 8
7102 9 8
7103 5 4
7104 4 3
7105 6 5
7106 3 2
7107 10 9
7108 10 9
7109 2 1
7110 10 9
7111 3 2
7112 9 8
7113 11 10
7114 2 1
7115 4 3
7116 3 2
7117 10 9
7118 2 1
7119 6 5
7120 3 2
7121 10 9
7122 2 1
7123 3 2
7124 4 3
7125 6 5
7126 4 3
7127 9 8
7128 2 1
7129 3 2
7130 8 7
7131 10 9
7132 11 10
7133 3 2
7134 9 8
7135 8 7
7136 2 1
7137 5 4
7138 10 9
7139 10 9
7140 5 4
7141 7 6
7142 9 8
7143 3 2
7144 4 3
7145 7 6
7146 7 6
7147 9 8
7148 8 7
7149 4 3
7150 9 8
7151 8 7
7152 2 1
7153 7 6
7154 7 6
7155 9 8
7156 7 6
7157 10 9
7158 2 1
7159 10 9
7160 4 3
7161 11 10
7162 2 1
7163 10 9
7164 9 8
7165 11 10
7166 6 5
7167 5 4
7168 8 7
7169 2 1
7170 10 9
7171 5 4
7172 10 9
7173 10 9
7174 10 9
7175 3 2
7176 6 5
7177 7 6
7178 4 3
7179 8 7
7180 5 4
7181 2 1
7182 6 5
7183 3 2
7184 6 5
7185 10 9
7186 10 9
7187 2 1
7188 6 5
7189 10 9
7190 11 10
7191 2 1
7192 10 9
7193 2 1
7194 6 5
7195 5 4
7196 9 8
7197 5 4
7198 9 8
7199 10 9
7200 10 9
7201 5 4
7202 10 9
7203 6 5
7204 8 7
7205 7 6
7206 5 4
7207 5 4
7208 10 9
7209 6 5
7210 2 1
7211 4 3
7212 11 10
7213 2 1
7214 7 6
7215 5 4
7216 3 2
7217 4 3
7218 4 3
7219 8 7
7220 6 5
7221 7 6
7222 2 1
7223 2 1
7224 4 3
7225 3 2
7226 5 4
7227 11 10
7228 9 8
7229 9 8
7230 3 2
7231 3 2
7232 10 9
7233 11 10
7234 7 6
7235 9 8
7236 5 4
7237 7 6
7238 7 6
7239 2 1
7240 2 1
7241 2 1
7242 9 8
7243 9 8
7244 5 4
7245 8 7
7246 2 1
7247 7 6
7248 4 3
7249 5 4
7250 5 4
7251 11 10
7252 8 7
7253 3 2
7254 9 8
7255 11 10
7256 9 8
7257 8 7
7258 9 8
7259 4 3
7260 6 5
7261 10 9
7262 8 7
7263 4 3
7264 10 9
7265 10 9
7266 11 10
7267 6 5
7268 6 5
7269 3 2
7270 9 8
7271 10 9
7272 11 10
7273 10 9
7274 2 1
7275 7 6
7276 11 10
7277 10 9
7278 8 7
7279 3 2
7280 4 3
7281 7 6
7282 11 10
7283 6 5
7284 6 5
7285 4 3
7286 6 5
7287 6 5
7288 5 4
7289 5 4
7290 8 7
7291 10 9
7292 6 5
7293 5 4
7294 5 4
7295 7 6
7296 8 7
7297 4 3
7298 3 2
7299 11 10
7300 2 1
7301 3 2
7302 6 5
7303 3 2
7304 7 6
7305 10 9
7306 6 5
7307 4 3
7308 8 7
7309 8 7
7310 6 5
7311 8 7
7312 8 7
7313 10 9
7314 3 2
7315 10 9
7316 10 9
7317 8 7
7318 5 4
7319 9 8
7320 2 1
7321 6 5
7322 3 2
7323 4 3
7324 8 7
7325 9 8
7326 8 7
7327 6 5
7328 4 3
7329 3 2
7330 3 2
7331 6 5
7332 6 5
7333 3 2
7334 10 9
7335 2 1
7336 6 5
7337 10 9
7338 2 1
7339 11 10
7340 5 4
7341 5 4
7342 9 8
7343 6 5
7344 10 9
7345 6 5
7346 10 9
7347 6 5
7348 2 1
7349 6 5
7350 7 6
7351 8 7
7352 2 1
7353 2 1
7354 9 8
7355 5 4
7356 7 6
7357 9 8
7358 6 5
7359 9 8
7360 3 2
7361 4 3
7362 6 5
7363 2 1
7364 10 9
7365 6 5
7366 2 1
7367 6 5
7368 6 5
7369 5 4
7370 4 3
7371 4 3
7372 11 10
7373 5 4
7374 10 9
7375 5 4
7376 11 10
7377 2 1
7378 2 1
7379 8 7
7380 7 6
7381 6 5
7382 8 7
7383 11 10
7384 9 8
7385 11 10
7386 3 2
7387 2 1
7388 2 1
7389 7 6
7390 9 8
7391 10 9
7392 11 10
7393 11 10
7394 6 5
7395 9 8
7396 10 9
7397 4 3
7398 5 4
7399 3 2
7400 8 7
7401 4 3
7402 6 5
7403 6 5
7404 6 5
7405 3 2
7406 10 9
7407 6 5
7408 5 4
7409 2 1
7410 2 1
7411 2 1
7412 2 1
7413 2 1
7414 4 3
7415 2 1
7416 7 6
7417 5 4
7418 4 3
7419 8 7
7420 2 1
7421 7 6
7422 3 2
7423 8 7
7424 5 4
7425 8 7
7426 11 10
7427 5 4
7428 8 7
7429 4 3
7430 9 8
7431 9 8
7432 11 10
7433 10 9
7434 7 6
7435 8 7
7436 9 8
7437 2 1
7438 9 8
7439 9 8
7440 9 8
7441 11 10
7442 4 3
7443 11 10
7444 8 7
7445 3 2
7446 8 7
7447 4 3
7448 8 7
7449 10 9
7450 5 4
7451 7 6
7452 7 6
7453 8 7
7454 9 8
7455 9 8
7456 5 4
7457 3 2
7458 10 9
7459 9 8
7460 2 1
7461 2 1
7462 9 8
7463 11 10
7464 4 3
7465 9 8
7466 6 5
7467 8 7
7468 7 6
7469 9 8
7470 5 4
7471 3 2
7472 8 7
7473 9 8
7474 8 7
7475 11 10
7476 9 8
7477 9 8
7478 4 3
7479 8 7
7480 2 1
7481 3 2
7482 7 6
7483 7 6
7484 3 2
7485 11 10
7486 10 9
7487 10 9
7488 7 6
7489 9 8
7490 3 2
7491 11 10
7492 10 9
7493 7 6
7494 6 5
7495 2 1
7496 5 4
7497 5 4
7498 7 6
7499 5 4
7500 3 2
7501 4 3
7502 5 4
7503 4 3
7504 6 5
7505 5 4
7506 4 3
7507 7 6
7508 4 3
7509 3 2
7510 2 1
7511 5 4
7512 11 10
7513 6 5
7514 9 8
7515 9 8
7516 3 2
7517 7 6
7518 4 3
7519 8 7
7520 9 8
7521 4 3
7522 4 3
7523 10 9
7524 2 1
7525 11 10
7526 3 2
7527 5 4
7528 7 6
7529 5 4
7530 10 9
7531 7 6
7532 8 7
7533 6 5
7534 10 9
7535 10 9
7536 11 10
7537 8 7
7538 11 10
7539 2 1
7540 2 1
7541 11 10
7542 10 9
7543 10 9
7544 5 4
7545 7 6
7546 7 6
7547 11 10
7548 8 7
7549 10 9
7550 10 9
7551 7 6
7552 3 2
7553 3 2
7554 4 3
7555 6 5
7556 10 9
7557 7 6
7558 9 8
7559 6 5
7560 9 8
7561 10 9
7562 5 4
7563 8 7
7564 2 1
7565 2 1
7566 2 1
7567 8 7
7568 8 7
7569 5 4
7570 6 5
7571 7 6
7572 9 8
7573 9 8
7574 4 3
7575 6 5
7576 10 9
7577 8 7
7578 4 3
7579 11 10
7580 2 1
7581 6 5
7582 7 6
7583 7 6
7584 9 8
7585 5 4
7586 7 6
7587 3 2
7588 10 9
7589 3 2
7590 3 2
7591 11 10
7592 6 5
7593 11 10
7594 7 6
7595 11 10
7596 6 5
7597 3 2
7598 2 1
7599 7 6
7600 9 8
7601 4 3
7602 5 4
7603 4 3
7604 10 9
7605 11 10
7606 8 7
7607 3 2
7608 8 7
7609 10 9
7610 7 6
7611 7 6
7612 7 6
7613 9 8
7614 6 5
7615 6 5
7616 3 2
7617 10 9
7618 2 1
7619 2 1
7620 4 3
7621 2 1
7622 11 10
7623 8 7
7624 9 8
7625 6 5
7626 10 9
7627 7 6
7628 3 2
7629 8 7
7630 5 4
7631 5 4
7632 4 3
7633 10 9
7634 2 1
7635 10 9
7636 8 7
7637 3 2
7638 5 4
7639 11 10
7640 3 2
7641 3 2
7642 2 1
7643 2 1
7644 10 9
7645 7 6
7646 11 10
7647 9 8
7648 2 1
7649 11 10
7650 11 10
7651 8 7
7652 11 10
7653 10 9
7654 10 9
7655 2 1
7656 9 8
7657 8 7
7658 9 8
7659 9 8
7660 3 2
7661 10 9
7662 11 10
7663 6 5
7664 4 3
7665 10 9
7666 6 5
7667 3 2
7668 7 6
7669 3 2
7670 9 8
7671 4 3
7672 8 7
7673 4 3
7674 7 6
7675 9 8
7676 2 1
7677 9 8
7678 9 8
7679 9 8
7680 8 7
7681 10 9
7682 11 10
7683 11 10
7684 9 8
7685 8 7
7686 3 2
7687 3 2
7688 8 7
7689 10 9
7690 6 5
7691 11 10
7692 11 10
7693 10 9
7694 6 5
7695 10 9
7696 3 2
7697 6 5
7698 2 1
7699 6 5
7700 10 9
7701 11 10
7702 5 4
7703 9 8
7704 2 1
7705 3 2
7706 6 5
7707 11 10
7708 5 4
7709 6 5
7710 5 4
7711 4 3
7712 10 9
7713 7 6
7714 9 8
7715 7 6
7716 7 6
7717 8 7
7718 8 7
7719 3 2
7720 4 3
7721 6 5
7722 7 6
7723 10 9
7724 6 5
7725 10 9
7726 3 2
7727 5 4
7728 10 9
7729 11 10
7730 9 8
7731 11 10
7732 8 7
7733 5 4
7734 3 2
7735 10 9
7736 3 2
7737 4 3
7738 4 3
7739 6 5
7740 10 9
7741 7 6
7742 2 1
7743 2 1
7744 11 10
7745 11 10
7746 6 5
7747 10 9
7748 9 8
7749 10 9
7750 2 1
7751 6 5
7752 6 5
7753 6 5
7754 7 6
7755 5 4
7756 6 5
7757 7 6
7758 2 1
7759 6 5
7760 2 1
7761 6 5
7762 8 7
7763 7 6
7764 9 8
7765 5 4
7766 10 9
7767 2 1
7768 2 1
7769 6 5
7770 10 9
7771 9 8
7772 9 8
7773 9 8
7774 3 2
7775 2 1
7776 9 8
7777 2 1
7778 7 6
7779 7 6
7780 6 5
7781 9 8
7782 6 5
7783 10 9
7784 5 4
7785 9 8
7786 4 3
7787 8 7
7788 10 9
7789 7 6
7790 11 10
7791 2 1
7792 10 9
7793 5 4
7794 7 6
7795 6 5
7796 11 10
7797 6 5
7798 6 5
7799 6 5
7800 11 10
7801 5 4
7802 9 8
7803 9 8
7804 9 8
7805 3 2
7806 8 7
7807 3 2
7808 10 9
7809 9 8
7810 11 10
7811 4 3
7812 7 6
7813 9 8
7814 8 7
7815 4 3
7816 6 5
7817 2 1
7818 3 2
7819 10 9
7820 2 1
7821 4 3
7822 7 6
7823 2 1
7824 11 10
7825 8 7
7826 2 1
7827 2 1
7828 8 7
7829 10 9
7830 3 2
7831 9 8
7832 6 5
7833 9 8
7834 4 3
7835 9 8
7836 11 10
7837 8 7
7838 4 3
7839 3 2
7840 2 1
7841 4 3
7842 6 5
7843 11 10
7844 11 10
7845 3 2
7846 5 4
7847 5 4
7848 6 5
7849 5 4
7850 4 3
7851 9 8
7852 3 2
7853 9 8
7854 6 5
7855 4 3
7856 8 7
7857 11 10
7858 2 1
7859 9 8
7860 4 3
7861 6 5
7862 2 1
7863 8 7
7864 7 6
7865 11 10
7866 3 2
7867 2 1
7868 8 7
7869 3 2
7870 2 1
7871 4 3
7872 7 6
7873 3 2
7874 3 2
7875 4 3
7876 5 4
7877 4 3
7878 6 5
7879 5 4
7880 3 2
7881 8 7
7882 2 1
7883 3 2
7884 2 1
7885 6 5
7886 2 1
7887 8 7
7888 6 5
7889 9 8
7890 4 3
7891 3 2
7892 9 8
7893 8 7
7894 4 3
7895 11 10
7896 11 10
7897 6 5
7898 10 9
7899 8 7
7900 8 7
7901 4 3
7902 2 1
7903 10 9
7904 6 5
7905 10 9
7906 2 1
7907 10 9
7908 8 7
7909 7 6
7910 5 4
7911 5 4
7912 8 7
7913 8 7
7914 4 3
7915 4 3
7916 6 5
7917 9 8
7918 10 9
7919 7 6
7920 5 4
7921 9 8
7922 4 3
7923 4 3
7924 3 2
7925 7 6
7926 4 3
7927 5 4
7928 10 9
7929 6 5
7930 4 3
7931 9 8
7932 2 1
7933 11 10
7934 4 3
7935 4 3
7936 6 5
7937 5 4
7938 3 2
7939 6 5
7940 6 5
7941 11 10
7942 4 3
7943 6 5
7944 10 9
7945 8 7
7946 6 5
7947 4 3
7948 6 5
7949 7 6
7950 7 6
7951 4 3
7952 6 5
7953 2 1
7954 10 9
7955 3 2
7956 11 10
7957 8 7
7958 10 9
7959 10 9
7960 4 3
7961 7 6
7962 4 3
7963 6 5
7964 4 3
7965 11 10
7966 2 1
7967 3 2
7968 10 9
7969 3 2
7970 8 7
7971 11 10
7972 8 7
7973 3 2
7974 9 8
7975 9 8
7976 6 5
7977 2 1
7978 6 5
7979 4 3
7980 3 2
7981 11 10
7982 8 7
7983 2 1
7984 10 9
7985 8 7
7986 11 10
7987 5 4
7988 9 8
7989 9 8
7990 5 4
7991 5 4
7992 9 8
7993 5 4
7994 10 9
7995 10 9
7996 3 2
7997 5 4
7998 11 10
7999 10 9
8000 5 4
8001 10 9
8002 3 2
8003 8 7
8004 9 8
8005 4 3
8006 9 8
8007 2 1
8008 10 9
8009 11 10
8010 7 6
8011 4 3
8012 11 10
8013 5 4
8014 11 10
8015 11 10
8016 10 9
8017 11 10
8018 8 7
8019 9 8
8020 10 9
8021 5 4
8022 4 3
8023 3 2
8024 10 9
8025 9 8
8026 6 5
8027 9 8
8028 10 9
8029 5 4
8030 8 7
8031 8 7
8032 7 6
8033 2 1
8034 7 6
8035 7 6
8036 4 3
8037 9 8
8038 7 6
8039 10 9
8040 4 3
8041 6 5
8042 5 4
8043 3 2
8044 2 1
8045 9 8
8046 11 10
8047 3 2
8048 7 6
8049 7 6
8050 11 10
8051 7 6
8052 4 3
8053 9 8
8054 10 9
8055 3 2
8056 11 10
8057 8 7
8058 4 3
8059 3 2
8060 6 5
8061 10 9
8062 11 10
8063 6 5
8064 6 5
8065 8 7
8066 3 2
8067 5 4
8068 6 5
8069 2 1
8070 9 8
8071 9 8
8072 2 1
8073 11 10
8074 6 5
8075 6 5
8076 8 7
8077 3 2
8078 8 7
8079 3 2
8080 8 7
8081 4 3
8082 8 7
8083 11 10
8084 7 6
8085 10 9
8086 6 5
8087 3 2
8088 7 6
8089 6 5
8090 8 7
8091 8 7
8092 10 9
8093 8 7
8094 3 2
8095 9 8
8096 2 1
8097 7 6
8098 8 7
8099 8 7
8100 11 10
8101 8 7
8102 4 3
8103 8 7
8104 8 7
8105 2 1
8106 11 10
8107 11 10
8108 2 1
8109 4 3
8110 2 1
8111 10 9
8112 3 2
8113 7 6
8114 10 9
8115 3 2
8116 7 6
8117 4 3
8118 8 7
8119 4 3
8120 11 10
8121 8 7
8122 6 5
8123 4 3
8124 10 9
8125 9 8
8126 2 1
8127 4 3
8128 3 2
8129 5 4
8130 2 1
8131 2 1
8132 5 4
8133 2 1
8134 8 7
8135 9 8
8136 3 2
8137 4 3
8138 2 1
8139 7 6
8140 9 8
8141 2 1
8142 3 2
8143 6 5
8144 3 2
8145 6 5
8146 6 5
8147 3 2
8148 3 2
8149 9 8
8150 5 4
8151 4 3
8152 8 7
8153 6 5
8154 7 6
8155 2 1
8156 9 8
8157 4 3
8158 8 7
8159 5 4
8160 6 5
8161 6 5
8162 2 1
8163 7 6
8164 9 8
8165 11 10
8166 9 8
8167 4 3
8168 6 5
8169 11 10
8170 4 3
8171 8 7
8172 7 6
8173 9 8
8174 2 1
8175 7 6
8176 6 5
8177 5 4
8178 11 10
8179 4 3
8180 2 1
8181 3 2
8182 3 2
8183 11 10
8184 9 8
8185 8 7
8186 9 8
8187 2 1
8188 5 4
8189 2 1
8190 10 9
8191 5 4
8192 4 3
8193 2 1
8194 2 1
8195 4 3
8196 5 4
8197 9 8
8198 2 1
8199 11 10
8200 10 9
8201 9 8
8202 4 3
8203 2 1
8204 4 3
8205 10 9
8206 7 6
8207 8 7
8208 7 6
8209 8 7
8210 10 9
8211 3 2
8212 10 9
8213 4 3
8214 5 4
8215 3 2
8216 5 4
8217 6 5
8218 7 6
8219 4 3
8220 7 6
8221 6 5
8222 6 5
8223 9 8
8224 10 9
8225 2 1
8226 4 3
8227 2 1
8228 3 2
8229 10 9
8230 5 4
8231 10 9
8232 4 3
8233 10 9
8234 3 2
8235 2 1
8236 3 2
8237 5 4
8238 10 9
8239 6 5
8240 8 7
8241 8 7
8242 2 1
8243 6 5
8244 11 10
8245 4 3
8246 6 5
8247 6 5
8248 4 3
8249 6 5
8250 5 4
8251 9 8
8252 8 7
8253 2 1
8254 3 2
8255 3 2
8256 10 9
8257 7 6
8258 4 3
8259 4 3
8260 10 9
8261 7 6
8262 4 3
8263 6 5
8264 9 8
8265 11 10
8266 6 5
8267 5 4
8268 8 7
8269 9 8
8270 4 3
8271 7 6
8272 4 3
8273 9 8
8274 10 9
8275 3 2
8276 5 4
8277 4 3
8278 4 3
8279 10 9
8280 4 3
8281 3 2
8282 6 5
8283 6 5
8284 3 2
8285 9 8
8286 3 2
8287 3 2
8288 3 2
8289 3 2
8290 6 5
8291 6 5
8292 2 1
8293 9 8
8294 8 7
8295 11 10
8296 6 5
8297 10 9
8298 3 2
8299 11 10
8300 11 10
8301 2 1
8302 5 4
8303 9 8
8304 8 7
8305 3 2
8306 10 9
8307 11 10
8308 11 10
8309 3 2
8310 10 9
8311 3 2
8312 4 3
8313 5 4
8314 4 3
8315 4 3
8316 11 10
8317 11 10
8318 3 2
8319 9 8
8320 10 9
8321 3 2
8322 5 4
8323 4 3
8324 2 1
8325 3 2
8326 9 8
8327 2 1
8328 4 3
8329 3 2
8330 2 1
8331 10 9
8332 2 1
8333 4 3
8334 7 6
8335 3 2
8336 4 3
8337 4 3
8338 9 8
8339 3 2
8340 7 6
8341 4 3
8342 2 1
8343 2 1
8344 10 9
8345 8 7
8346 9 8
8347 3 2
8348 9 8
8349 11 10
8350 4 3
8351 6 5
8352 4 3
8353 7 6
8354 6 5
8355 2 1
8356 6 5
8357 2 1
8358 6 5
8359 11 10
8360 3 2
8361 8 7
8362 8 7
8363 3 2
8364 8 7
8365 6 5
8366 4 3
8367 6 5
8368 10 9
8369 10 9
8370 9 8
8371 9 8
8372 10 9
8373 7 6
8374 11 10
8375 3 2
8376 6 5
8377 3 2
8378 6 5
8379 11 10
8380 6 5
8381 4 3
8382 4 3
8383 10 9
8384 5 4
8385 3 2
8386 10 9
8387 5 4
8388 6 5
8389 7 6
8390 8 7
8391 2 1
8392 2 1
8393 6 5
8394 11 10
8395 9 8
8396 11 10
8397 5 4
8398 9 8
8399 9 8
8400 7 6
8401 7 6
8402 5 4
8403 5 4
8404 5 4
8405 2 1
8406 10 9
8407 5 4
8408 11 10
8409 3 2
8410 11 10
8411 9 8
8412 9 8
8413 5 4
8414 11 10
8415 11 10
8416 10 9
8417 5 4
8418 6 5
8419 2 1
8420 6 5
8421 9 8
8422 9 8
8423 3 2
8424 10 9
8425 2 1
8426 11 10
8427 3 2
8428 5 4
8429 7 6
8430 11 10
8431 9 8
8432 7 6
8433 3 2
8434 5 4
8435 9 8
8436 10 9
8437 11 10
8438 10 9
8439 10 9
8440 5 4
8441 9 8
8442 4 3
8443 11 10
8444 10 9
8445 10 9
8446 7 6
8447 8 7
8448 2 1
8449 11 10
8450 10 9
8451 5 4
8452 5 4
8453 5 4
8454 4 3
8455 7 6
8456 3 2
8457 9 8
8458 5 4
8459 3 2
8460 10 9
8461 11 10
8462 9 8
8463 4 3
8464 9 8
8465 2 1
8466 8 7
8467 8 7
8468 9 8
8469 7 6
8470 9 8
8471 7 6
8472 3 2
8473 2 1
8474 4 3
8475 6 5
8476 9 8
8477 5 4
8478 4 3
8479 8 7
8480 10 9
8481 2 1
8482 7 6
8483 2 1
8484 11 10
8485 7 6
8486 2 1
8487 4 3
8488 10 9
8489 2 1
8490 8 7
8491 5 4
8492 8 7
8493 3 2
8494 6 5
8495 5 4
8496 8 7
8497 9 8
8498 7 6
8499 11 10
8500 10 9
8501 9 8
8502 4 3
8503 2 1
8504 8 7
8505 4 3
8506 4 3
8507 2 1
8508 10 9
8509 7 6
8510 2 1
8511 8 7
8512 7 6
8513 9 8
8514 6 5
8515 11 10
8516 8 7
8517 2 1
8518 10 9
8519 3 2
8520 6 5
8521 5 4
8522 11 10
8523 6 5
8524 3 2
8525 9 8
8526 11 10
8527 3 2
8528 2 1
8529 5 4
8530 10 9
8531 11 10
8532 11 10
8533 7 6
8534 9 8
8535 2 1
8536 5 4
8537 11 10
8538 10 9
8539 11 10
8540 5 4
8541 9 8
8542 9 8
8543 6 5
8544 5 4
8545 11 10
8546 9 8
8547 7 6
8548 8 7
8549 4 3
8550 5 4
8551 5 4
8552 11 10
8553 7 6
8554 7 6
8555 10 9
8556 5 4
8557 7 6
8558 9 8
8559 3 2
8560 7 6
8561 4 3
8562 10 9
8563 9 8
8564 4 3
8565 10 9
8566 2 1
8567 8 7
8568 6 5
8569 3 2
8570 6 5
8571 3 2
8572 7 6
8573 9 8
8574 11 10
8575 9 8
8576 7 6
8577 9 8
8578 3 2
8579 10 9
8580 8 7
8581 6 5
8582 10 9
8583 9 8
8584 7 6
8585 8 7
8586 2 1
8587 7 6
8588 4 3
8589 3 2
8590 7 6
8591 8 7
8592 5 4
8593 11 10
8594 8 7
8595 3 2
8596 3 2
8597 10 9
8598 11 10
8599 5 4
8600 10 9
8601 3 2
8602 3 2
8603 2 1
8604 8 7
8605 6 5
8606 5 4
8607 11 10
8608 9 8
8609 10 9
8610 11 10
8611 9 8
8612 4 3
8613 10 9
8614 7 6
8615 9 8
8616 7 6
8617 7 6
8618 4 3
8619 7 6
8620 6 5
8621 3 2
8622 3 2
8623 2 1
8624 6 5
8625 2 1
8626 5 4
8627 4 3
8628 11 10
8629 10 9
8630 4 3
8631 7 6
8632 4 3
8633 4 3
8634 6 5
8635 2 1
8636 5 4
8637 5 4
8638 8 7
8639 4 3
8640 3 2
8641 3 2
8642 4 3
8643 7 6
8644 9 8
8645 7 6
8646 11 10
8647 2 1
8648 6 5
8649 3 2
8650 7 6
8651 4 3
8652 6 5
8653 6 5
8654 9 8
8655 6 5
8656 11 10
8657 3 2
8658 9 8
8659 2 1
8660 6 5
8661 2 1
8662 7 6
8663 8 7
8664 10 9
8665 2 1
8666 11 10
8667 10 9
8668 11 10
8669 7 6
8670 2 1
8671 2 1
8672 6 5
8673 7 6
8674 8 7
8675 6 5
8676 9 8
8677 5 4
8678 2 1
8679 4 3
8680 7 6
8681 3 2
8682 9 8
8683 8 7
8684 8 7
8685 6 5
8686 8 7
8687 5 4
8688 6 5
8689 5 4
8690 11 10
8691 2 1
8692 9 8
8693 8 7
8694 4 3
8695 6 5
8696 3 2
8697 10 9
8698 2 1
8699 7 6
8700 4 3
8701 7 6
8702 9 8
8703 7 6
8704 9 8
8705 5 4
8706 5 4
8707 4 3
8708 7 6
8709 2 1
8710 9 8
8711 6 5
8712 5 4
8713 2 1
8714 5 4
8715 3 2
8716 6 5
8717 6 5
8718 11 10
8719 10 9
8720 5 4
8721 9 8
8722 6 5
8723 7 6
8724 4 3
8725 3 2
8726 10 9
8727 10 9
8728 10 9
8729 9 8
8730 3 2
8731 3 2
8732 7 6
8733 7 6
8734 6 5
8735 2 1
8736 7 6
8737 8 7
8738 4 3
8739 10 9
8740 7 6
8741 10 9
8742 8 7
8743 7 6
8744 3 2
8745 6 5
8746 6 5
8747 7 6
8748 3 2
8749 3 2
8750 11 10
8751 3 2
8752 8 7
8753 5 4
8754 7 6
8755 5 4
8756 7 6
8757 3 2
8758 9 8
8759 5 4
8760 3 2
8761 10 9
8762 5 4
8763 5 4
8764 6 5
8765 7 6
8766 6 5
8767 5 4
8768 2 1
8769 9 8
8770 9 8
8771 5 4
8772 7 6
8773 8 7
8774 8 7
8775 9 8
8776 9 8
8777 4 3
8778 10 9
8779 9 8
8780 10 9
8781 10 9
8782 8 7
8783 11 10
8784 8 7
8785 7 6
8786 4 3
8787 2 1
8788 5 4
8789 10 9
8790 8 7
8791 11 10
8792 5 4
8793 11 10
8794 6 5
8795 5 4
8796 5 4
8797 6 5
8798 10 9
8799 4 3
8800 7 6
8801 10 9
8802 6 5
8803 7 6
8804 11 10
8805 10 9
8806 3 2
8807 9 8
8808 11 10
8809 7 6
8810 9 8
8811 10 9
8812 8 7
8813 6 5
8814 8 7
8815 9 8
8816 4 3
8817 11 10
8818 9 8
8819 5 4
8820 9 8
8821 9 8
8822 5 4
8823 6 5
8824 11 10
8825 7 6
8826 5 4
8827 2 1
8828 10 9
8829 9 8
8830 3 2
8831 7 6
8832 7 6
8833 3 2
8834 6 5
8835 6 5
8836 7 6
8837 6 5
8838 4 3
8839 4 3
8840 9 8
8841 7 6
8842 9 8
8843 4 3
8844 10 9
8845 2 1
8846 5 4
8847 8 7
8848 11 10
8849 2 1
8850 5 4
8851 4 3
8852 8 7
8853 10 9
8854 3 2
8855 10 9
8856 7 6
8857 8 7
8858 10 9
8859 7 6
8860 10 9
8861 7 6
8862 10 9
8863 10 9
8864 7 6
8865 6 5
8866 6 5
8867 5 4
8868 8 7
8869 8 7
8870 9 8
8871 8 7
8872 7 6
8873 10 9
8874 8 7
8875 9 8
8876 10 9
8877 7 6
8878 6 5
8879 4 3
8880 10 9
8881 8 7
8882 9 8
8883 6 5
8884 11 10
8885 7 6
8886 8 7
8887 9 8
8888 11 10
8889 10 9
8890 3 2
8891 9 8
8892 9 8
8893 4 3
8894 4 3
8895 3 2
8896 6 5
8897 6 5
8898 10 9
8899 6 5
8900 5 4
8901 10 9
8902 4 3
8903 2 1
8904 3 2
8905 4 3
8906 6 5
8907 3 2
8908 4 3
8909 5 4
8910 7 6
8911 5 4
8912 3 2
8913 11 10
8914 5 4
8915 3 2
8916 3 2
8917 4 3
8918 3 2
8919 4 3
8920 9 8
8921 11 10
8922 11 10
8923 2 1
8924 3 2
8925 3 2
8926 5 4
8927 6 5
8928 7 6
8929 5 4
8930 7 6
8931 7 6
8932 7 6
8933 9 8
8934 2 1
8935 6 5
8936 4 3
8937 3 2
8938 9 8
8939 5 4
8940 2 1
8941 5 4
8942 2 1
8943 9 8
8944 9 8
8945 6 5
8946 2 1
8947 7 6
8948 7 6
8949 4 3
8950 7 6
8951 5 4
8952 2 1
8953 9 8
8954 9 8
8955 5 4
8956 10 9
8957 8 7
8958 2 1
8959 2 1
8960 2 1
8961 5 4
8962 3 2
8963 11 10
8964 4 3
8965 11 10
8966 5 4
8967 6 5
8968 11 10
8969 11 10
8970 9 8
8971 4 3
8972 9 8
8973 3 2
8974 4 3
8975 6 5
8976 11 10
8977 9 8
8978 4 3
8979 11 10
8980 5 4
8981 9 8
8982 10 9
8983 10 9
8984 11 10
8985 2 1
8986 9 8
8987 5 4
8988 9 8
8989 5 4
8990 9 8
8991 4 3
8992 8 7
8993 10 9
8994 7 6
8995 6 5
8996 8 7
8997 7 6
8998 9 8
8999 10 9
9000 4 3
9001 8 7
9002 5 4
9003 7 6
9004 11 10
9005 5 4
9006 9 8
9007 11 10
9008 4 3
9009 5 4
9010 8 7
9011 7 6
9012 2 1
9013 6 5
9014 9 8
9015 5 4
9016 7 6
9017 5 4
9018 7 6
9019 5 4
9020 8 7
9021 3 2
9022 4 3
9023 3 2
9024 11 10
9025 4 3
9026 5 4
9027 4 3
9028 11 10
9029 4 3
9030 7 6
9031 10 9
9032 2 1
9033 3 2
9034 11 10
9035 10 9
9036 3 2
9037 2 1
9038 6 5
9039 5 4
9040 4 3
9041 11 10
9042 2 1
9043 6 5
9044 3 2
9045 10 9
9046 10 9
9047 2 1
9048 5 4
9049 4 3
9050 5 4
9051 3 2
9052 8 7
9053 6 5
9054 4 3
9055 8 7
9056 2 1
9057 10 9
9058 4 3
9059 9 8
9060 5 4
9061 9 8
9062 7 6
9063 11 10
9064 3 2
9065 11 10
9066 3 2
9067 10 9
9068 10 9
9069 6 5
9070 10 9
9071 4 3
9072 8 7
9073 11 10
9074 3 2
9075 7 6
9076 9 8
9077 4 3
9078 5 4
9079 7 6
9080 6 5
9081 11 10
9082 4 3
9083 5 4
9084 10 9
9085 3 2
9086 6 5
9087 9 8
9088 4 3
9089 11 10
9090 8 7
9091 7 6
9092 5 4
9093 7 6
9094 11 10
9095 2 1
9096 9 8
9097 5 4
9098 7 6
9099 3 2
9100 9 8
9101 8 7
9102 8 7
9103 3 2
9104 7 6
9105 11 10
9106 3 2
9107 2 1
9108 6 5
9109 2 1
9110 11 10
9111 4 3
9112 2 1
9113 8 7
9114 7 6
9115 7 6
9116 7 6
9117 10 9
9118 4 3
9119 3 2
9120 7 6
9121 10 9
9122 4 3
9123 5 4
9124 8 7
9125 8 7
9126 8 7
9127 9 8
9128 2 1
9129 4 3
9130 4 3
9131 11 10
9132 7 6
9133 3 2
9134 11 10
9135 8 7
9136 6 5
9137 10 9
9138 4 3
9139 7 6
9140 6 5
9141 6 5
9142 2 1
9143 9 8
9144 8 7
9145 8 7
9146 6 5
9147 10 9
9148 10 9
9149 7 6
9150 6 5
9151 10 9
9152 8 7
9153 8 7
9154 6 5
9155 8 7
9156 3 2
9157 3 2
9158 7 6
9159 11 10
9160 6 5
9161 11 10
9162 3 2
9163 11 10
9164 5 4
9165 7 6
9166 10 9
9167 7 6
9168 4 3
9169 2 1
9170 11 10
9171 3 2
9172 9 8
9173 4 3
9174 3 2
9175 8 7
9176 5 4
9177 5 4
9178 3 2
9179 4 3
9180 3 2
9181 4 3
9182 6 5
9183 8 7
9184 9 8
9185 7 6
9186 6 5
9187 11 10
9188 2 1
9189 4 3
9190 10 9
9191 7 6
9192 4 3
9193 10 9
9194 5 4
9195 7 6
9196 7 6
9197 6 5
9198 5 4
9199 3 2
9200 3 2
9201 9 8
9202 6 5
9203 4 3
9204 3 2
9205 10 9
9206 11 10
9207 10 9
9208 10 9
9209 5 4
9210 3 2
9211 11 10
9212 5 4
9213 9 8
9214 5 4
9215 3 2
9216 4 3
9217 2 1
9218 10 9
9219 3 2
9220 10 9
9221 5 4
9222 10 9
9223 11 10
9224 9 8
9225 7 6
9226 9 8
9227 4 3
9228 7 6
9229 8 7
9230 3 2
9231 9 8
9232 3 2
9233 11 10
9234 8 7
9235 6 5
9236 11 10
9237 9 8
9238 7 6
9239 2 1
9240 9 8
9241 9 8
9242 9 8
9243 7 6
9244 6 5
9245 8 7
9246 11 10
9247 5 4
9248 6 5
9249 2 1
9250 4 3
9251 4 3
9252 9 8
9253 3 2
9254 3 2
9255 6 5
9256 6 5
9257 9 8
9258 6 5
9259 7 6
9260 6 5
9261 10 9
9262 4 3
9263 3 2
9264 8 7
9265 10 9
9266 3 2
9267 2 1
9268 6 5
9269 9 8
9270 4 3
9271 7 6
9272 2 1
9273 9 8
9274 10 9
9275 3 2
9276 9 8
9277 2 1
9278 8 7
9279 11 10
9280 7 6
9281 3 2
9282 4 3
9283 4 3
9284 4 3
9285 11 10
9286 5 4
9287 10 9
9288 2 1
9289 7 6
9290 9 8
9291 9 8
9292 6 5
9293 4 3
9294 7 6
9295 10 9
9296 11 10
9297 11 10
9298 4 3
9299 7 6
9300 9 8
9301 11 10
9302 10 9
9303 8 7
9304 6 5
9305 11 10
9306 3 2
9307 5 4
9308 2 1
9309 7 6
9310 6 5
9311 3 2
9312 11 10
9313 8 7
9314 10 9
9315 10 9
9316 11 10
9317 3 2
9318 5 4
9319 7 6
9320 6 5
9321 7 6
9322 9 8
9323 2 1
9324 11 10
9325 8 7
9326 5 4
9327 3 2
9328 3 2
9329 9 8
9330 4 3
9331 7 6
9332 8 7
9333 8 7
9334 11 10
9335 4 3
9336 5 4
9337 11 10
9338 4 3
9339 5 4
9340 11 10
9341 5 4
9342 8 7
9343 2 1
9344 10 9
9345 9 8
9346 7 6
9347 10 9
9348 5 4
9349 6 5
9350 2 1
9351 9 8
9352 11 10
9353 6 5
9354 8 7
9355 9 8
9356 8 7
9357 8 7
9358 3 2
9359 3 2
9360 8 7
9361 7 6
9362 5 4
9363 4 3
9364 11 10
9365 4 3
9366 6 5
9367 10 9
9368 11 10
9369 5 4
9370 11 10
9371 4 3
9372 10 9
9373 7 6
9374 10 9
9375 9 8
9376 4 3
9377 4 3
9378 4 3
9379 7 6
9380 10 9
9381 7 6
9382 10 9
9383 5 4
9384 7 6
9385 8 7
9386 2 1
9387 3 2
9388 7 6
9389 3 2
9390 5 4
9391 5 4
9392 3 2
9393 7 6
9394 2 1
9395 10 9
9396 4 3
9397 2 1
9398 8 7
9399 7 6
9400 2 1
9401 4 3
9402 7 6
9403 2 1
9404 5 4
9405 6 5
9406 11 10
9407 9 8
9408 2 1
9409 6 5
9410 5 4
9411 11 10
9412 3 2
9413 9 8
9414 2 1
9415 4 3
9416 10 9
9417 10 9
9418 6 5
9419 2 1
9420 7 6
9421 5 4
9422 4 3
9423 6 5
9424 9 8
9425 2 1
9426 10 9
9427 10 9
9428 3 2
9429 7 6
9430 11 10
9431 6 5
9432 10 9
9433 6 5
9434 8 7
9435 7 6
9436 3 2
9437 9 8
9438 6 5
9439 10 9
9440 2 1
9441 5 4
9442 3 2
9443 3 2
9444 11 10
9445 11 10
9446 7 6
9447 8 7
9448 11 10
9449 8 7
9450 7 6
9451 8 7
9452 7 6
9453 8 7
9454 5 4
9455 5 4
9456 5 4
9457 11 10
9458 8 7
9459 4 3
9460 9 8
9461 2 1
9462 5 4
9463 2 1
9464 3 2
9465 3 2
9466 9 8
9467 2 1
9468 8 7
9469 4 3
9470 11 10
9471 3 2
9472 9 8
9473 7 6
9474 10 9
9475 3 2
9476 2 1
9477 11 10
9478 3 2
9479 8 7
9480 2 1
9481 7 6
9482 7 6
9483 2 1
9484 10 9
9485 8 7
9486 4 3
9487 6 5
9488 5 4
9489 4 3
9490 2 1
9491 11 10
9492 11 10
9493 9 8
9494 9 8
9495 2 1
9496 3 2
9497 4 3
9498 5 4
9499 3 2
9500 8 7
9501 5 4
9502 4 3
9503 10 9
9504 3 2
9505 4 3
9506 8 7
9507 4 3
9508 2 1
9509 3 2
9510 5 4
9511 10 9
9512 6 5
9513 9 8
9514 5 4
9515 10 9
9516 2 1
9517 8 7
9518 6 5
9519 2 1
9520 3 2
9521 6 5
9522 7 6
9523 9 8
9524 2 1
9525 4 3
9526 10 9
9527 7 6
9528 6 5
9529 4 3
9530 9 8
9531 3 2
9532 3 2
9533 8 7
9534 5 4
9535 6 5
9536 5 4
9537 2 1
9538 9 8
9539 4 3
9540 2 1
9541 9 8
9542 11 10
9543 7 6
9544 11 10
9545 6 5
9546 6 5
9547 7 6
9548 6 5
9549 11 10
9550 11 10
9551 2 1
9552 11 10
9553 11 10
9554 10 9
9555 4 3
9556 9 8
9557 9 8
9558 5 4
9559 10 9
9560 4 3
9561 4 3
9562 6 5
9563 2 1
9564 2 1
9565 10 9
9566 7 6
9567 2 1
9568 5 4
9569 4 3
9570 9 8
9571 4 3
9572 4 3
9573 10 9
9574 9 8
9575 6 5
9576 9 8
9577 9 8
9578 9 8
9579 10 9
9580 11 10
9581 4 3
9582 7 6
9583 8 7
9584 8 7
9585 3 2
9586 3 2
9587 8 7
9588 4 3
9589 10 9
9590 7 6
9591 10 9
9592 9 8
9593 7 6
9594 3 2
9595 5 4
9596 9 8
9597 11 10
9598 9 8
9599 9 8
9600 11 10
9601 7 6
9602 9 8
9603 11 10
9604 4 3
9605 7 6
9606 5 4
9607 5 4
9608 6 5
9609 5 4
9610 5 4
9611 6 5
9612 8 7
9613 9 8
9614 7 6
9615 8 7
9616 2 1
9617 11 10
9618 4 3
9619 3 2
9620 2 1
9621 6 5
9622 3 2
9623 9 8
9624 6 5
9625 3 2
9626 5 4
9627 3 2
9628 11 10
9629 4 3
9630 10 9
9631 11 10
9632 4 3
9633 5 4
9634 11 10
9635 4 3
9636 6 5
9637 8 7
9638 11 10
9639 8 7
9640 2 1
9641 5 4
9642 9 8
9643 4 3
9644 5 4
9645 8 7
9646 9 8
9647 2 1
9648 11 10
9649 7 6
9650 4 3
9651 3 2
9652 3 2
9653 2 1
9654 2 1
9655 6 5
9656 9 8
9657 11 10
9658 7 6
9659 2 1
9660 6 5
9661 5 4
9662 11 10
9663 6 5
9664 2 1
9665 10 9
9666 5 4
9667 8 7
9668 2 1
9669 10 9
9670 9 8
9671 9 8
9672 6 5
9673 10 9
9674 3 2
9675 6 5
9676 7 6
9677 5 4
9678 7 6
9679 7 6
9680 4 3
9681 10 9
9682 9 8
9683 10 9
9684 10 9
9685 2 1
9686 8 7
9687 7 6
9688 11 10
9689 10 9
9690 7 6
9691 9 8
9692 9 8
9693 3 2
9694 9 8
9695 9 8
9696 9 8
9697 4 3
9698 6 5
9699 3 2
9700 5 4
9701 8 7
9702 8 7
9703 2 1
9704 4 3
9705 11 10
9706 6 5
9707 3 2
9708 3 2
9709 10 9
9710 6 5
9711 10 9
9712 7 6
9713 11 10
9714 9 8
9715 6 5
9716 9 8
9717 5 4
9718 5 4
9719 3 2
9720 3 2
9721 2 1
9722 8 7
9723 2 1
9724 2 1
9725 5 4
9726 7 6
9727 6 5
9728 10 9
9729 11 10
9730 2 1
9731 11 10
9732 7 6
9733 9 8
9734 7 6
9735 10 9
9736 10 9
9737 6 5
9738 9 8
9739 4 3
9740 5 4
9741 9 8
9742 10 9
9743 8 7
9744 5 4
9745 2 1
9746 2 1
9747 3 2
9748 4 3
9749 10 9
9750 7 6
9751 9 8
9752 11 10
9753 7 6
9754 10 9
9755 8 7
9756 2 1
9757 5 4
9758 6 5
9759 2 1
9760 3 2
9761 10 9
9762 10 9
9763 10 9
9764 2 1
9765 9 8
9766 9 8
9767 8 7
9768 3 2
9769 10 9
9770 4 3
9771 4 3
9772 5 4
9773 5 4
9774 2 1
9775 5 4
9776 9 8
9777 5 4
9778 7 6
9779 8 7
9780 3 2
9781 8 7
9782 11 10
9783 3 2
9784 11 10
9785 6 5
9786 7 6
9787 10 9
9788 9 8
9789 9 8
9790 7 6
9791 5 4
9792 2 1
9793 7 6
9794 11 10
9795 8 7
9796 6 5
9797 7 6
9798 6 5
9799 10 9
9800 4 3
9801 2 1
9802 3 2
9803 8 7
9804 4 3
9805 3 2
9806 5 4
9807 4 3
9808 9 8
9809 4 3
9810 7 6
9811 3 2
9812 9 8
9813 5 4
9814 9 8
9815 6 5
9816 3 2
9817 4 3
9818 7 6
9819 8 7
9820 7 6
9821 11 10
9822 6 5
9823 8 7
9824 9 8
9825 8 7
9826 8 7
9827 8 7
9828 7 6
9829 4 3
9830 11 10
9831 7 6
9832 6 5
9833 6 5
9834 2 1
9835 11 10
9836 10 9
9837 11 10
9838 5 4
9839 3 2
9840 10 9
9841 7 6
9842 11 10
9843 3 2
9844 2 1
9845 5 4
9846 10 9
9847 6 5
9848 2 1
9849 8 7
9850 8 7
9851 6 5
9852 7 6
9853 7 6
9854 5 4
9855 10 9
9856 9 8
9857 7 6
9858 3 2
9859 9 8
9860 10 9
9861 3 2
9862 4 3
9863 7 6
9864 10 9
9865 11 10
9866 3 2
9867 4 3
9868 2 1
9869 4 3
9870 3 2
9871 5 4
9872 11 10
9873 3 2
9874 8 7
9875 3 2
9876 6 5
9877 3 2
9878 11 10
9879 7 6
9880 10 9
9881 3 2
9882 2 1
9883 4 3
9884 8 7
9885 11 10
9886 4 3
9887 9 8
9888 9 8
9889 7 6
9890 6 5
9891 4 3
9892 5 4
9893 11 10
9894 4 3
9895 11 10
9896 6 5
9897 9 8
9898 10 9
9899 3 2
9900 11 10
9901 11 10
9902 11 10
9903 5 4
9904 10 9
9905 11 10
9906 3 2
9907 11 10
9908 6 5
9909 5 4
9910 11 10
9911 6 5
9912 4 3
9913 8 7
9914 8 7
9915 7 6
9916 11 10
9917 8 7
9918 6 5
9919 2 1
9920 7 6
9921 5 4
9922 9 8
9923 7 6
9924 6 5
9925 11 10
9926 2 1
9927 9 8
9928 8 7
9929 3 2
9930 4 3
9931 7 6
9932 2 1
9933 5 4
9934 10 9
9935 11 10
9936 9 8
9937 8 7
9938 8 7
9939 10 9
9940 11 10
9941 5 4
9942 6 5
9943 5 4
9944 10 9
9945 9 8
9946 2 1
9947 2 1
9948 10 9
9949 7 6
9950 8 7
9951 7 6
9952 4 3
9953 5 4
9954 11 10
9955 11 10
9956 11 10
9957 2 1
9958 11 10
9959 7 6
9960 5 4
9961 6 5
9962 11 10
9963 3 2
9964 10 9
9965 11 10
9966 5 4
9967 4 3
9968 9 8
9969 3 2
9970 8 7
9971 10 9
9972 8 7
9973 11 10
9974 4 3
9975 4 3
9976 3 2
9977 5 4
9978 10 9
9979 6 5
9980 11 10
9981 10 9
9982 9 8
9983 8 7
9984 4 3
9985 6 5
9986 2 1
9987 6 5
9988 5 4
9989 4 3
9990 11 10
9991 8 7
9992 3 2
9993 3 2
9994 7 6
9995 11 10
9996 10 9
9997 2 1
9998 5 4
9999 9 8
10000 2 1
27523
